"STATION","LATITUDE","LONGITUDE","ELEVATION","NAME","month","day","hour","ANN-TAVG-NORMAL","meas_flag_ANN-TAVG-NORMAL","comp_flag_ANN-TAVG-NORMAL","years_ANN-TAVG-NORMAL","ANN-TMIN-NORMAL","meas_flag_ANN-TMIN-NORMAL","comp_flag_ANN-TMIN-NORMAL","years_ANN-TMIN-NORMAL","ANN-TMAX-NORMAL","meas_flag_ANN-TMAX-NORMAL","comp_flag_ANN-TMAX-NORMAL","years_ANN-TMAX-NORMAL","ANN-DUTR-NORMAL","meas_flag_ANN-DUTR-NORMAL","comp_flag_ANN-DUTR-NORMAL","years_ANN-DUTR-NORMAL","ANN-TMIN-AVGNDS-LSTH000","meas_flag_ANN-TMIN-AVGNDS-LSTH000","comp_flag_ANN-TMIN-AVGNDS-LSTH000","years_ANN-TMIN-AVGNDS-LSTH000","ANN-TMIN-AVGNDS-LSTH010","meas_flag_ANN-TMIN-AVGNDS-LSTH010","comp_flag_ANN-TMIN-AVGNDS-LSTH010","years_ANN-TMIN-AVGNDS-LSTH010","ANN-TMIN-AVGNDS-LSTH020","meas_flag_ANN-TMIN-AVGNDS-LSTH020","comp_flag_ANN-TMIN-AVGNDS-LSTH020","years_ANN-TMIN-AVGNDS-LSTH020","ANN-TMIN-AVGNDS-LSTH032","meas_flag_ANN-TMIN-AVGNDS-LSTH032","comp_flag_ANN-TMIN-AVGNDS-LSTH032","years_ANN-TMIN-AVGNDS-LSTH032","ANN-TMIN-AVGNDS-LSTH040","meas_flag_ANN-TMIN-AVGNDS-LSTH040","comp_flag_ANN-TMIN-AVGNDS-LSTH040","years_ANN-TMIN-AVGNDS-LSTH040","ANN-TMIN-AVGNDS-LSTH050","meas_flag_ANN-TMIN-AVGNDS-LSTH050","comp_flag_ANN-TMIN-AVGNDS-LSTH050","years_ANN-TMIN-AVGNDS-LSTH050","ANN-TMIN-AVGNDS-LSTH060","meas_flag_ANN-TMIN-AVGNDS-LSTH060","comp_flag_ANN-TMIN-AVGNDS-LSTH060","years_ANN-TMIN-AVGNDS-LSTH060","ANN-TMIN-AVGNDS-LSTH070","meas_flag_ANN-TMIN-AVGNDS-LSTH070","comp_flag_ANN-TMIN-AVGNDS-LSTH070","years_ANN-TMIN-AVGNDS-LSTH070","ANN-TMAX-AVGNDS-GRTH032","meas_flag_ANN-TMAX-AVGNDS-GRTH032","comp_flag_ANN-TMAX-AVGNDS-GRTH032","years_ANN-TMAX-AVGNDS-GRTH032","ANN-TMAX-AVGNDS-GRTH040","meas_flag_ANN-TMAX-AVGNDS-GRTH040","comp_flag_ANN-TMAX-AVGNDS-GRTH040","years_ANN-TMAX-AVGNDS-GRTH040","ANN-TMAX-AVGNDS-GRTH050","meas_flag_ANN-TMAX-AVGNDS-GRTH050","comp_flag_ANN-TMAX-AVGNDS-GRTH050","years_ANN-TMAX-AVGNDS-GRTH050","ANN-TMAX-AVGNDS-GRTH060","meas_flag_ANN-TMAX-AVGNDS-GRTH060","comp_flag_ANN-TMAX-AVGNDS-GRTH060","years_ANN-TMAX-AVGNDS-GRTH060","ANN-TMAX-AVGNDS-GRTH070","meas_flag_ANN-TMAX-AVGNDS-GRTH070","comp_flag_ANN-TMAX-AVGNDS-GRTH070","years_ANN-TMAX-AVGNDS-GRTH070","ANN-TMAX-AVGNDS-GRTH080","meas_flag_ANN-TMAX-AVGNDS-GRTH080","comp_flag_ANN-TMAX-AVGNDS-GRTH080","years_ANN-TMAX-AVGNDS-GRTH080","ANN-TMAX-AVGNDS-GRTH090","meas_flag_ANN-TMAX-AVGNDS-GRTH090","comp_flag_ANN-TMAX-AVGNDS-GRTH090","years_ANN-TMAX-AVGNDS-GRTH090","ANN-TMAX-AVGNDS-GRTH100","meas_flag_ANN-TMAX-AVGNDS-GRTH100","comp_flag_ANN-TMAX-AVGNDS-GRTH100","years_ANN-TMAX-AVGNDS-GRTH100","ANN-TMAX-AVGNDS-LSTH032","meas_flag_ANN-TMAX-AVGNDS-LSTH032","comp_flag_ANN-TMAX-AVGNDS-LSTH032","years_ANN-TMAX-AVGNDS-LSTH032","ANN-HTDD-NORMAL","meas_flag_ANN-HTDD-NORMAL","comp_flag_ANN-HTDD-NORMAL","years_ANN-HTDD-NORMAL","ANN-HTDD-BASE40","meas_flag_ANN-HTDD-BASE40","comp_flag_ANN-HTDD-BASE40","years_ANN-HTDD-BASE40","ANN-HTDD-BASE45","meas_flag_ANN-HTDD-BASE45","comp_flag_ANN-HTDD-BASE45","years_ANN-HTDD-BASE45","ANN-HTDD-BASE50","meas_flag_ANN-HTDD-BASE50","comp_flag_ANN-HTDD-BASE50","years_ANN-HTDD-BASE50","ANN-HTDD-BASE55","meas_flag_ANN-HTDD-BASE55","comp_flag_ANN-HTDD-BASE55","years_ANN-HTDD-BASE55","ANN-HTDD-BASE57","meas_flag_ANN-HTDD-BASE57","comp_flag_ANN-HTDD-BASE57","years_ANN-HTDD-BASE57","ANN-HTDD-BASE60","meas_flag_ANN-HTDD-BASE60","comp_flag_ANN-HTDD-BASE60","years_ANN-HTDD-BASE60","ANN-CLDD-NORMAL","meas_flag_ANN-CLDD-NORMAL","comp_flag_ANN-CLDD-NORMAL","years_ANN-CLDD-NORMAL","ANN-CLDD-BASE40","meas_flag_ANN-CLDD-BASE40","comp_flag_ANN-CLDD-BASE40","years_ANN-CLDD-BASE40","ANN-CLDD-BASE45","meas_flag_ANN-CLDD-BASE45","comp_flag_ANN-CLDD-BASE45","years_ANN-CLDD-BASE45","ANN-CLDD-BASE50","meas_flag_ANN-CLDD-BASE50","comp_flag_ANN-CLDD-BASE50","years_ANN-CLDD-BASE50","ANN-CLDD-BASE55","meas_flag_ANN-CLDD-BASE55","comp_flag_ANN-CLDD-BASE55","years_ANN-CLDD-BASE55","ANN-CLDD-BASE57","meas_flag_ANN-CLDD-BASE57","comp_flag_ANN-CLDD-BASE57","years_ANN-CLDD-BASE57","ANN-CLDD-BASE60","meas_flag_ANN-CLDD-BASE60","comp_flag_ANN-CLDD-BASE60","years_ANN-CLDD-BASE60","ANN-CLDD-BASE70","meas_flag_ANN-CLDD-BASE70","comp_flag_ANN-CLDD-BASE70","years_ANN-CLDD-BASE70","ANN-CLDD-BASE72","meas_flag_ANN-CLDD-BASE72","comp_flag_ANN-CLDD-BASE72","years_ANN-CLDD-BASE72","ANN-GRDD-BASE65","meas_flag_ANN-GRDD-BASE65","comp_flag_ANN-GRDD-BASE65","years_ANN-GRDD-BASE65","ANN-GRDD-BASE40","meas_flag_ANN-GRDD-BASE40","comp_flag_ANN-GRDD-BASE40","years_ANN-GRDD-BASE40","ANN-GRDD-BASE45","meas_flag_ANN-GRDD-BASE45","comp_flag_ANN-GRDD-BASE45","years_ANN-GRDD-BASE45","ANN-GRDD-BASE50","meas_flag_ANN-GRDD-BASE50","comp_flag_ANN-GRDD-BASE50","years_ANN-GRDD-BASE50","ANN-GRDD-BASE55","meas_flag_ANN-GRDD-BASE55","comp_flag_ANN-GRDD-BASE55","years_ANN-GRDD-BASE55","ANN-GRDD-BASE57","meas_flag_ANN-GRDD-BASE57","comp_flag_ANN-GRDD-BASE57","years_ANN-GRDD-BASE57","ANN-GRDD-BASE60","meas_flag_ANN-GRDD-BASE60","comp_flag_ANN-GRDD-BASE60","years_ANN-GRDD-BASE60","ANN-GRDD-BASE70","meas_flag_ANN-GRDD-BASE70","comp_flag_ANN-GRDD-BASE70","years_ANN-GRDD-BASE70","ANN-GRDD-BASE72","meas_flag_ANN-GRDD-BASE72","comp_flag_ANN-GRDD-BASE72","years_ANN-GRDD-BASE72","ANN-GRDD-TB4886","meas_flag_ANN-GRDD-TB4886","comp_flag_ANN-GRDD-TB4886","years_ANN-GRDD-TB4886","ANN-GRDD-TB5086","meas_flag_ANN-GRDD-TB5086","comp_flag_ANN-GRDD-TB5086","years_ANN-GRDD-TB5086","MAM-TAVG-NORMAL","meas_flag_MAM-TAVG-NORMAL","comp_flag_MAM-TAVG-NORMAL","years_MAM-TAVG-NORMAL","MAM-TMIN-NORMAL","meas_flag_MAM-TMIN-NORMAL","comp_flag_MAM-TMIN-NORMAL","years_MAM-TMIN-NORMAL","MAM-TMAX-NORMAL","meas_flag_MAM-TMAX-NORMAL","comp_flag_MAM-TMAX-NORMAL","years_MAM-TMAX-NORMAL","MAM-DUTR-NORMAL","meas_flag_MAM-DUTR-NORMAL","comp_flag_MAM-DUTR-NORMAL","years_MAM-DUTR-NORMAL","MAM-TMIN-AVGNDS-LSTH000","meas_flag_MAM-TMIN-AVGNDS-LSTH000","comp_flag_MAM-TMIN-AVGNDS-LSTH000","years_MAM-TMIN-AVGNDS-LSTH000","MAM-TMIN-AVGNDS-LSTH010","meas_flag_MAM-TMIN-AVGNDS-LSTH010","comp_flag_MAM-TMIN-AVGNDS-LSTH010","years_MAM-TMIN-AVGNDS-LSTH010","MAM-TMIN-AVGNDS-LSTH020","meas_flag_MAM-TMIN-AVGNDS-LSTH020","comp_flag_MAM-TMIN-AVGNDS-LSTH020","years_MAM-TMIN-AVGNDS-LSTH020","MAM-TMIN-AVGNDS-LSTH032","meas_flag_MAM-TMIN-AVGNDS-LSTH032","comp_flag_MAM-TMIN-AVGNDS-LSTH032","years_MAM-TMIN-AVGNDS-LSTH032","MAM-TMIN-AVGNDS-LSTH040","meas_flag_MAM-TMIN-AVGNDS-LSTH040","comp_flag_MAM-TMIN-AVGNDS-LSTH040","years_MAM-TMIN-AVGNDS-LSTH040","MAM-TMIN-AVGNDS-LSTH050","meas_flag_MAM-TMIN-AVGNDS-LSTH050","comp_flag_MAM-TMIN-AVGNDS-LSTH050","years_MAM-TMIN-AVGNDS-LSTH050","MAM-TMIN-AVGNDS-LSTH060","meas_flag_MAM-TMIN-AVGNDS-LSTH060","comp_flag_MAM-TMIN-AVGNDS-LSTH060","years_MAM-TMIN-AVGNDS-LSTH060","MAM-TMIN-AVGNDS-LSTH070","meas_flag_MAM-TMIN-AVGNDS-LSTH070","comp_flag_MAM-TMIN-AVGNDS-LSTH070","years_MAM-TMIN-AVGNDS-LSTH070","MAM-TMAX-AVGNDS-GRTH032","meas_flag_MAM-TMAX-AVGNDS-GRTH032","comp_flag_MAM-TMAX-AVGNDS-GRTH032","years_MAM-TMAX-AVGNDS-GRTH032","MAM-TMAX-AVGNDS-GRTH040","meas_flag_MAM-TMAX-AVGNDS-GRTH040","comp_flag_MAM-TMAX-AVGNDS-GRTH040","years_MAM-TMAX-AVGNDS-GRTH040","MAM-TMAX-AVGNDS-GRTH050","meas_flag_MAM-TMAX-AVGNDS-GRTH050","comp_flag_MAM-TMAX-AVGNDS-GRTH050","years_MAM-TMAX-AVGNDS-GRTH050","MAM-TMAX-AVGNDS-GRTH060","meas_flag_MAM-TMAX-AVGNDS-GRTH060","comp_flag_MAM-TMAX-AVGNDS-GRTH060","years_MAM-TMAX-AVGNDS-GRTH060","MAM-TMAX-AVGNDS-GRTH070","meas_flag_MAM-TMAX-AVGNDS-GRTH070","comp_flag_MAM-TMAX-AVGNDS-GRTH070","years_MAM-TMAX-AVGNDS-GRTH070","MAM-TMAX-AVGNDS-GRTH080","meas_flag_MAM-TMAX-AVGNDS-GRTH080","comp_flag_MAM-TMAX-AVGNDS-GRTH080","years_MAM-TMAX-AVGNDS-GRTH080","MAM-TMAX-AVGNDS-GRTH090","meas_flag_MAM-TMAX-AVGNDS-GRTH090","comp_flag_MAM-TMAX-AVGNDS-GRTH090","years_MAM-TMAX-AVGNDS-GRTH090","MAM-TMAX-AVGNDS-GRTH100","meas_flag_MAM-TMAX-AVGNDS-GRTH100","comp_flag_MAM-TMAX-AVGNDS-GRTH100","years_MAM-TMAX-AVGNDS-GRTH100","MAM-TMAX-AVGNDS-LSTH032","meas_flag_MAM-TMAX-AVGNDS-LSTH032","comp_flag_MAM-TMAX-AVGNDS-LSTH032","years_MAM-TMAX-AVGNDS-LSTH032","MAM-HTDD-NORMAL","meas_flag_MAM-HTDD-NORMAL","comp_flag_MAM-HTDD-NORMAL","years_MAM-HTDD-NORMAL","MAM-HTDD-BASE40","meas_flag_MAM-HTDD-BASE40","comp_flag_MAM-HTDD-BASE40","years_MAM-HTDD-BASE40","MAM-HTDD-BASE45","meas_flag_MAM-HTDD-BASE45","comp_flag_MAM-HTDD-BASE45","years_MAM-HTDD-BASE45","MAM-HTDD-BASE50","meas_flag_MAM-HTDD-BASE50","comp_flag_MAM-HTDD-BASE50","years_MAM-HTDD-BASE50","MAM-HTDD-BASE55","meas_flag_MAM-HTDD-BASE55","comp_flag_MAM-HTDD-BASE55","years_MAM-HTDD-BASE55","MAM-HTDD-BASE57","meas_flag_MAM-HTDD-BASE57","comp_flag_MAM-HTDD-BASE57","years_MAM-HTDD-BASE57","MAM-HTDD-BASE60","meas_flag_MAM-HTDD-BASE60","comp_flag_MAM-HTDD-BASE60","years_MAM-HTDD-BASE60","MAM-CLDD-NORMAL","meas_flag_MAM-CLDD-NORMAL","comp_flag_MAM-CLDD-NORMAL","years_MAM-CLDD-NORMAL","MAM-CLDD-BASE40","meas_flag_MAM-CLDD-BASE40","comp_flag_MAM-CLDD-BASE40","years_MAM-CLDD-BASE40","MAM-CLDD-BASE45","meas_flag_MAM-CLDD-BASE45","comp_flag_MAM-CLDD-BASE45","years_MAM-CLDD-BASE45","MAM-CLDD-BASE50","meas_flag_MAM-CLDD-BASE50","comp_flag_MAM-CLDD-BASE50","years_MAM-CLDD-BASE50","MAM-CLDD-BASE55","meas_flag_MAM-CLDD-BASE55","comp_flag_MAM-CLDD-BASE55","years_MAM-CLDD-BASE55","MAM-CLDD-BASE57","meas_flag_MAM-CLDD-BASE57","comp_flag_MAM-CLDD-BASE57","years_MAM-CLDD-BASE57","MAM-CLDD-BASE60","meas_flag_MAM-CLDD-BASE60","comp_flag_MAM-CLDD-BASE60","years_MAM-CLDD-BASE60","MAM-CLDD-BASE70","meas_flag_MAM-CLDD-BASE70","comp_flag_MAM-CLDD-BASE70","years_MAM-CLDD-BASE70","MAM-CLDD-BASE72","meas_flag_MAM-CLDD-BASE72","comp_flag_MAM-CLDD-BASE72","years_MAM-CLDD-BASE72","MAM-GRDD-BASE65","meas_flag_MAM-GRDD-BASE65","comp_flag_MAM-GRDD-BASE65","years_MAM-GRDD-BASE65","MAM-GRDD-BASE40","meas_flag_MAM-GRDD-BASE40","comp_flag_MAM-GRDD-BASE40","years_MAM-GRDD-BASE40","MAM-GRDD-BASE45","meas_flag_MAM-GRDD-BASE45","comp_flag_MAM-GRDD-BASE45","years_MAM-GRDD-BASE45","MAM-GRDD-BASE50","meas_flag_MAM-GRDD-BASE50","comp_flag_MAM-GRDD-BASE50","years_MAM-GRDD-BASE50","MAM-GRDD-BASE55","meas_flag_MAM-GRDD-BASE55","comp_flag_MAM-GRDD-BASE55","years_MAM-GRDD-BASE55","MAM-GRDD-BASE57","meas_flag_MAM-GRDD-BASE57","comp_flag_MAM-GRDD-BASE57","years_MAM-GRDD-BASE57","MAM-GRDD-BASE60","meas_flag_MAM-GRDD-BASE60","comp_flag_MAM-GRDD-BASE60","years_MAM-GRDD-BASE60","MAM-GRDD-BASE70","meas_flag_MAM-GRDD-BASE70","comp_flag_MAM-GRDD-BASE70","years_MAM-GRDD-BASE70","MAM-GRDD-BASE72","meas_flag_MAM-GRDD-BASE72","comp_flag_MAM-GRDD-BASE72","years_MAM-GRDD-BASE72","MAM-GRDD-TB4886","meas_flag_MAM-GRDD-TB4886","comp_flag_MAM-GRDD-TB4886","years_MAM-GRDD-TB4886","MAM-GRDD-TB5086","meas_flag_MAM-GRDD-TB5086","comp_flag_MAM-GRDD-TB5086","years_MAM-GRDD-TB5086","JJA-TAVG-NORMAL","meas_flag_JJA-TAVG-NORMAL","comp_flag_JJA-TAVG-NORMAL","years_JJA-TAVG-NORMAL","JJA-TMIN-NORMAL","meas_flag_JJA-TMIN-NORMAL","comp_flag_JJA-TMIN-NORMAL","years_JJA-TMIN-NORMAL","JJA-TMAX-NORMAL","meas_flag_JJA-TMAX-NORMAL","comp_flag_JJA-TMAX-NORMAL","years_JJA-TMAX-NORMAL","JJA-DUTR-NORMAL","meas_flag_JJA-DUTR-NORMAL","comp_flag_JJA-DUTR-NORMAL","years_JJA-DUTR-NORMAL","JJA-TMIN-AVGNDS-LSTH000","meas_flag_JJA-TMIN-AVGNDS-LSTH000","comp_flag_JJA-TMIN-AVGNDS-LSTH000","years_JJA-TMIN-AVGNDS-LSTH000","JJA-TMIN-AVGNDS-LSTH010","meas_flag_JJA-TMIN-AVGNDS-LSTH010","comp_flag_JJA-TMIN-AVGNDS-LSTH010","years_JJA-TMIN-AVGNDS-LSTH010","JJA-TMIN-AVGNDS-LSTH020","meas_flag_JJA-TMIN-AVGNDS-LSTH020","comp_flag_JJA-TMIN-AVGNDS-LSTH020","years_JJA-TMIN-AVGNDS-LSTH020","JJA-TMIN-AVGNDS-LSTH032","meas_flag_JJA-TMIN-AVGNDS-LSTH032","comp_flag_JJA-TMIN-AVGNDS-LSTH032","years_JJA-TMIN-AVGNDS-LSTH032","JJA-TMIN-AVGNDS-LSTH040","meas_flag_JJA-TMIN-AVGNDS-LSTH040","comp_flag_JJA-TMIN-AVGNDS-LSTH040","years_JJA-TMIN-AVGNDS-LSTH040","JJA-TMIN-AVGNDS-LSTH050","meas_flag_JJA-TMIN-AVGNDS-LSTH050","comp_flag_JJA-TMIN-AVGNDS-LSTH050","years_JJA-TMIN-AVGNDS-LSTH050","JJA-TMIN-AVGNDS-LSTH060","meas_flag_JJA-TMIN-AVGNDS-LSTH060","comp_flag_JJA-TMIN-AVGNDS-LSTH060","years_JJA-TMIN-AVGNDS-LSTH060","JJA-TMIN-AVGNDS-LSTH070","meas_flag_JJA-TMIN-AVGNDS-LSTH070","comp_flag_JJA-TMIN-AVGNDS-LSTH070","years_JJA-TMIN-AVGNDS-LSTH070","JJA-TMAX-AVGNDS-GRTH032","meas_flag_JJA-TMAX-AVGNDS-GRTH032","comp_flag_JJA-TMAX-AVGNDS-GRTH032","years_JJA-TMAX-AVGNDS-GRTH032","JJA-TMAX-AVGNDS-GRTH040","meas_flag_JJA-TMAX-AVGNDS-GRTH040","comp_flag_JJA-TMAX-AVGNDS-GRTH040","years_JJA-TMAX-AVGNDS-GRTH040","JJA-TMAX-AVGNDS-GRTH050","meas_flag_JJA-TMAX-AVGNDS-GRTH050","comp_flag_JJA-TMAX-AVGNDS-GRTH050","years_JJA-TMAX-AVGNDS-GRTH050","JJA-TMAX-AVGNDS-GRTH060","meas_flag_JJA-TMAX-AVGNDS-GRTH060","comp_flag_JJA-TMAX-AVGNDS-GRTH060","years_JJA-TMAX-AVGNDS-GRTH060","JJA-TMAX-AVGNDS-GRTH070","meas_flag_JJA-TMAX-AVGNDS-GRTH070","comp_flag_JJA-TMAX-AVGNDS-GRTH070","years_JJA-TMAX-AVGNDS-GRTH070","JJA-TMAX-AVGNDS-GRTH080","meas_flag_JJA-TMAX-AVGNDS-GRTH080","comp_flag_JJA-TMAX-AVGNDS-GRTH080","years_JJA-TMAX-AVGNDS-GRTH080","JJA-TMAX-AVGNDS-GRTH090","meas_flag_JJA-TMAX-AVGNDS-GRTH090","comp_flag_JJA-TMAX-AVGNDS-GRTH090","years_JJA-TMAX-AVGNDS-GRTH090","JJA-TMAX-AVGNDS-GRTH100","meas_flag_JJA-TMAX-AVGNDS-GRTH100","comp_flag_JJA-TMAX-AVGNDS-GRTH100","years_JJA-TMAX-AVGNDS-GRTH100","JJA-TMAX-AVGNDS-LSTH032","meas_flag_JJA-TMAX-AVGNDS-LSTH032","comp_flag_JJA-TMAX-AVGNDS-LSTH032","years_JJA-TMAX-AVGNDS-LSTH032","JJA-HTDD-NORMAL","meas_flag_JJA-HTDD-NORMAL","comp_flag_JJA-HTDD-NORMAL","years_JJA-HTDD-NORMAL","JJA-HTDD-BASE40","meas_flag_JJA-HTDD-BASE40","comp_flag_JJA-HTDD-BASE40","years_JJA-HTDD-BASE40","JJA-HTDD-BASE45","meas_flag_JJA-HTDD-BASE45","comp_flag_JJA-HTDD-BASE45","years_JJA-HTDD-BASE45","JJA-HTDD-BASE50","meas_flag_JJA-HTDD-BASE50","comp_flag_JJA-HTDD-BASE50","years_JJA-HTDD-BASE50","JJA-HTDD-BASE55","meas_flag_JJA-HTDD-BASE55","comp_flag_JJA-HTDD-BASE55","years_JJA-HTDD-BASE55","JJA-HTDD-BASE57","meas_flag_JJA-HTDD-BASE57","comp_flag_JJA-HTDD-BASE57","years_JJA-HTDD-BASE57","JJA-HTDD-BASE60","meas_flag_JJA-HTDD-BASE60","comp_flag_JJA-HTDD-BASE60","years_JJA-HTDD-BASE60","JJA-CLDD-NORMAL","meas_flag_JJA-CLDD-NORMAL","comp_flag_JJA-CLDD-NORMAL","years_JJA-CLDD-NORMAL","JJA-CLDD-BASE40","meas_flag_JJA-CLDD-BASE40","comp_flag_JJA-CLDD-BASE40","years_JJA-CLDD-BASE40","JJA-CLDD-BASE45","meas_flag_JJA-CLDD-BASE45","comp_flag_JJA-CLDD-BASE45","years_JJA-CLDD-BASE45","JJA-CLDD-BASE50","meas_flag_JJA-CLDD-BASE50","comp_flag_JJA-CLDD-BASE50","years_JJA-CLDD-BASE50","JJA-CLDD-BASE55","meas_flag_JJA-CLDD-BASE55","comp_flag_JJA-CLDD-BASE55","years_JJA-CLDD-BASE55","JJA-CLDD-BASE57","meas_flag_JJA-CLDD-BASE57","comp_flag_JJA-CLDD-BASE57","years_JJA-CLDD-BASE57","JJA-CLDD-BASE60","meas_flag_JJA-CLDD-BASE60","comp_flag_JJA-CLDD-BASE60","years_JJA-CLDD-BASE60","JJA-CLDD-BASE70","meas_flag_JJA-CLDD-BASE70","comp_flag_JJA-CLDD-BASE70","years_JJA-CLDD-BASE70","JJA-CLDD-BASE72","meas_flag_JJA-CLDD-BASE72","comp_flag_JJA-CLDD-BASE72","years_JJA-CLDD-BASE72","JJA-GRDD-BASE65","meas_flag_JJA-GRDD-BASE65","comp_flag_JJA-GRDD-BASE65","years_JJA-GRDD-BASE65","JJA-GRDD-BASE40","meas_flag_JJA-GRDD-BASE40","comp_flag_JJA-GRDD-BASE40","years_JJA-GRDD-BASE40","JJA-GRDD-BASE45","meas_flag_JJA-GRDD-BASE45","comp_flag_JJA-GRDD-BASE45","years_JJA-GRDD-BASE45","JJA-GRDD-BASE50","meas_flag_JJA-GRDD-BASE50","comp_flag_JJA-GRDD-BASE50","years_JJA-GRDD-BASE50","JJA-GRDD-BASE55","meas_flag_JJA-GRDD-BASE55","comp_flag_JJA-GRDD-BASE55","years_JJA-GRDD-BASE55","JJA-GRDD-BASE57","meas_flag_JJA-GRDD-BASE57","comp_flag_JJA-GRDD-BASE57","years_JJA-GRDD-BASE57","JJA-GRDD-BASE60","meas_flag_JJA-GRDD-BASE60","comp_flag_JJA-GRDD-BASE60","years_JJA-GRDD-BASE60","JJA-GRDD-BASE70","meas_flag_JJA-GRDD-BASE70","comp_flag_JJA-GRDD-BASE70","years_JJA-GRDD-BASE70","JJA-GRDD-BASE72","meas_flag_JJA-GRDD-BASE72","comp_flag_JJA-GRDD-BASE72","years_JJA-GRDD-BASE72","JJA-GRDD-TB4886","meas_flag_JJA-GRDD-TB4886","comp_flag_JJA-GRDD-TB4886","years_JJA-GRDD-TB4886","JJA-GRDD-TB5086","meas_flag_JJA-GRDD-TB5086","comp_flag_JJA-GRDD-TB5086","years_JJA-GRDD-TB5086","SON-TAVG-NORMAL","meas_flag_SON-TAVG-NORMAL","comp_flag_SON-TAVG-NORMAL","years_SON-TAVG-NORMAL","SON-TMIN-NORMAL","meas_flag_SON-TMIN-NORMAL","comp_flag_SON-TMIN-NORMAL","years_SON-TMIN-NORMAL","SON-TMAX-NORMAL","meas_flag_SON-TMAX-NORMAL","comp_flag_SON-TMAX-NORMAL","years_SON-TMAX-NORMAL","SON-DUTR-NORMAL","meas_flag_SON-DUTR-NORMAL","comp_flag_SON-DUTR-NORMAL","years_SON-DUTR-NORMAL","SON-TMIN-AVGNDS-LSTH000","meas_flag_SON-TMIN-AVGNDS-LSTH000","comp_flag_SON-TMIN-AVGNDS-LSTH000","years_SON-TMIN-AVGNDS-LSTH000","SON-TMIN-AVGNDS-LSTH010","meas_flag_SON-TMIN-AVGNDS-LSTH010","comp_flag_SON-TMIN-AVGNDS-LSTH010","years_SON-TMIN-AVGNDS-LSTH010","SON-TMIN-AVGNDS-LSTH020","meas_flag_SON-TMIN-AVGNDS-LSTH020","comp_flag_SON-TMIN-AVGNDS-LSTH020","years_SON-TMIN-AVGNDS-LSTH020","SON-TMIN-AVGNDS-LSTH032","meas_flag_SON-TMIN-AVGNDS-LSTH032","comp_flag_SON-TMIN-AVGNDS-LSTH032","years_SON-TMIN-AVGNDS-LSTH032","SON-TMIN-AVGNDS-LSTH040","meas_flag_SON-TMIN-AVGNDS-LSTH040","comp_flag_SON-TMIN-AVGNDS-LSTH040","years_SON-TMIN-AVGNDS-LSTH040","SON-TMIN-AVGNDS-LSTH050","meas_flag_SON-TMIN-AVGNDS-LSTH050","comp_flag_SON-TMIN-AVGNDS-LSTH050","years_SON-TMIN-AVGNDS-LSTH050","SON-TMIN-AVGNDS-LSTH060","meas_flag_SON-TMIN-AVGNDS-LSTH060","comp_flag_SON-TMIN-AVGNDS-LSTH060","years_SON-TMIN-AVGNDS-LSTH060","SON-TMIN-AVGNDS-LSTH070","meas_flag_SON-TMIN-AVGNDS-LSTH070","comp_flag_SON-TMIN-AVGNDS-LSTH070","years_SON-TMIN-AVGNDS-LSTH070","SON-TMAX-AVGNDS-GRTH032","meas_flag_SON-TMAX-AVGNDS-GRTH032","comp_flag_SON-TMAX-AVGNDS-GRTH032","years_SON-TMAX-AVGNDS-GRTH032","SON-TMAX-AVGNDS-GRTH040","meas_flag_SON-TMAX-AVGNDS-GRTH040","comp_flag_SON-TMAX-AVGNDS-GRTH040","years_SON-TMAX-AVGNDS-GRTH040","SON-TMAX-AVGNDS-GRTH050","meas_flag_SON-TMAX-AVGNDS-GRTH050","comp_flag_SON-TMAX-AVGNDS-GRTH050","years_SON-TMAX-AVGNDS-GRTH050","SON-TMAX-AVGNDS-GRTH060","meas_flag_SON-TMAX-AVGNDS-GRTH060","comp_flag_SON-TMAX-AVGNDS-GRTH060","years_SON-TMAX-AVGNDS-GRTH060","SON-TMAX-AVGNDS-GRTH070","meas_flag_SON-TMAX-AVGNDS-GRTH070","comp_flag_SON-TMAX-AVGNDS-GRTH070","years_SON-TMAX-AVGNDS-GRTH070","SON-TMAX-AVGNDS-GRTH080","meas_flag_SON-TMAX-AVGNDS-GRTH080","comp_flag_SON-TMAX-AVGNDS-GRTH080","years_SON-TMAX-AVGNDS-GRTH080","SON-TMAX-AVGNDS-GRTH090","meas_flag_SON-TMAX-AVGNDS-GRTH090","comp_flag_SON-TMAX-AVGNDS-GRTH090","years_SON-TMAX-AVGNDS-GRTH090","SON-TMAX-AVGNDS-GRTH100","meas_flag_SON-TMAX-AVGNDS-GRTH100","comp_flag_SON-TMAX-AVGNDS-GRTH100","years_SON-TMAX-AVGNDS-GRTH100","SON-TMAX-AVGNDS-LSTH032","meas_flag_SON-TMAX-AVGNDS-LSTH032","comp_flag_SON-TMAX-AVGNDS-LSTH032","years_SON-TMAX-AVGNDS-LSTH032","SON-HTDD-NORMAL","meas_flag_SON-HTDD-NORMAL","comp_flag_SON-HTDD-NORMAL","years_SON-HTDD-NORMAL","SON-HTDD-BASE40","meas_flag_SON-HTDD-BASE40","comp_flag_SON-HTDD-BASE40","years_SON-HTDD-BASE40","SON-HTDD-BASE45","meas_flag_SON-HTDD-BASE45","comp_flag_SON-HTDD-BASE45","years_SON-HTDD-BASE45","SON-HTDD-BASE50","meas_flag_SON-HTDD-BASE50","comp_flag_SON-HTDD-BASE50","years_SON-HTDD-BASE50","SON-HTDD-BASE55","meas_flag_SON-HTDD-BASE55","comp_flag_SON-HTDD-BASE55","years_SON-HTDD-BASE55","SON-HTDD-BASE57","meas_flag_SON-HTDD-BASE57","comp_flag_SON-HTDD-BASE57","years_SON-HTDD-BASE57","SON-HTDD-BASE60","meas_flag_SON-HTDD-BASE60","comp_flag_SON-HTDD-BASE60","years_SON-HTDD-BASE60","SON-CLDD-NORMAL","meas_flag_SON-CLDD-NORMAL","comp_flag_SON-CLDD-NORMAL","years_SON-CLDD-NORMAL","SON-CLDD-BASE40","meas_flag_SON-CLDD-BASE40","comp_flag_SON-CLDD-BASE40","years_SON-CLDD-BASE40","SON-CLDD-BASE45","meas_flag_SON-CLDD-BASE45","comp_flag_SON-CLDD-BASE45","years_SON-CLDD-BASE45","SON-CLDD-BASE50","meas_flag_SON-CLDD-BASE50","comp_flag_SON-CLDD-BASE50","years_SON-CLDD-BASE50","SON-CLDD-BASE55","meas_flag_SON-CLDD-BASE55","comp_flag_SON-CLDD-BASE55","years_SON-CLDD-BASE55","SON-CLDD-BASE57","meas_flag_SON-CLDD-BASE57","comp_flag_SON-CLDD-BASE57","years_SON-CLDD-BASE57","SON-CLDD-BASE60","meas_flag_SON-CLDD-BASE60","comp_flag_SON-CLDD-BASE60","years_SON-CLDD-BASE60","SON-CLDD-BASE70","meas_flag_SON-CLDD-BASE70","comp_flag_SON-CLDD-BASE70","years_SON-CLDD-BASE70","SON-CLDD-BASE72","meas_flag_SON-CLDD-BASE72","comp_flag_SON-CLDD-BASE72","years_SON-CLDD-BASE72","SON-GRDD-BASE65","meas_flag_SON-GRDD-BASE65","comp_flag_SON-GRDD-BASE65","years_SON-GRDD-BASE65","SON-GRDD-BASE40","meas_flag_SON-GRDD-BASE40","comp_flag_SON-GRDD-BASE40","years_SON-GRDD-BASE40","SON-GRDD-BASE45","meas_flag_SON-GRDD-BASE45","comp_flag_SON-GRDD-BASE45","years_SON-GRDD-BASE45","SON-GRDD-BASE50","meas_flag_SON-GRDD-BASE50","comp_flag_SON-GRDD-BASE50","years_SON-GRDD-BASE50","SON-GRDD-BASE55","meas_flag_SON-GRDD-BASE55","comp_flag_SON-GRDD-BASE55","years_SON-GRDD-BASE55","SON-GRDD-BASE57","meas_flag_SON-GRDD-BASE57","comp_flag_SON-GRDD-BASE57","years_SON-GRDD-BASE57","SON-GRDD-BASE60","meas_flag_SON-GRDD-BASE60","comp_flag_SON-GRDD-BASE60","years_SON-GRDD-BASE60","SON-GRDD-BASE70","meas_flag_SON-GRDD-BASE70","comp_flag_SON-GRDD-BASE70","years_SON-GRDD-BASE70","SON-GRDD-BASE72","meas_flag_SON-GRDD-BASE72","comp_flag_SON-GRDD-BASE72","years_SON-GRDD-BASE72","SON-GRDD-TB4886","meas_flag_SON-GRDD-TB4886","comp_flag_SON-GRDD-TB4886","years_SON-GRDD-TB4886","SON-GRDD-TB5086","meas_flag_SON-GRDD-TB5086","comp_flag_SON-GRDD-TB5086","years_SON-GRDD-TB5086","DJF-TAVG-NORMAL","meas_flag_DJF-TAVG-NORMAL","comp_flag_DJF-TAVG-NORMAL","years_DJF-TAVG-NORMAL","DJF-TMIN-NORMAL","meas_flag_DJF-TMIN-NORMAL","comp_flag_DJF-TMIN-NORMAL","years_DJF-TMIN-NORMAL","DJF-TMAX-NORMAL","meas_flag_DJF-TMAX-NORMAL","comp_flag_DJF-TMAX-NORMAL","years_DJF-TMAX-NORMAL","DJF-DUTR-NORMAL","meas_flag_DJF-DUTR-NORMAL","comp_flag_DJF-DUTR-NORMAL","years_DJF-DUTR-NORMAL","DJF-TMIN-AVGNDS-LSTH000","meas_flag_DJF-TMIN-AVGNDS-LSTH000","comp_flag_DJF-TMIN-AVGNDS-LSTH000","years_DJF-TMIN-AVGNDS-LSTH000","DJF-TMIN-AVGNDS-LSTH010","meas_flag_DJF-TMIN-AVGNDS-LSTH010","comp_flag_DJF-TMIN-AVGNDS-LSTH010","years_DJF-TMIN-AVGNDS-LSTH010","DJF-TMIN-AVGNDS-LSTH020","meas_flag_DJF-TMIN-AVGNDS-LSTH020","comp_flag_DJF-TMIN-AVGNDS-LSTH020","years_DJF-TMIN-AVGNDS-LSTH020","DJF-TMIN-AVGNDS-LSTH032","meas_flag_DJF-TMIN-AVGNDS-LSTH032","comp_flag_DJF-TMIN-AVGNDS-LSTH032","years_DJF-TMIN-AVGNDS-LSTH032","DJF-TMIN-AVGNDS-LSTH040","meas_flag_DJF-TMIN-AVGNDS-LSTH040","comp_flag_DJF-TMIN-AVGNDS-LSTH040","years_DJF-TMIN-AVGNDS-LSTH040","DJF-TMIN-AVGNDS-LSTH050","meas_flag_DJF-TMIN-AVGNDS-LSTH050","comp_flag_DJF-TMIN-AVGNDS-LSTH050","years_DJF-TMIN-AVGNDS-LSTH050","DJF-TMIN-AVGNDS-LSTH060","meas_flag_DJF-TMIN-AVGNDS-LSTH060","comp_flag_DJF-TMIN-AVGNDS-LSTH060","years_DJF-TMIN-AVGNDS-LSTH060","DJF-TMIN-AVGNDS-LSTH070","meas_flag_DJF-TMIN-AVGNDS-LSTH070","comp_flag_DJF-TMIN-AVGNDS-LSTH070","years_DJF-TMIN-AVGNDS-LSTH070","DJF-TMAX-AVGNDS-GRTH032","meas_flag_DJF-TMAX-AVGNDS-GRTH032","comp_flag_DJF-TMAX-AVGNDS-GRTH032","years_DJF-TMAX-AVGNDS-GRTH032","DJF-TMAX-AVGNDS-GRTH040","meas_flag_DJF-TMAX-AVGNDS-GRTH040","comp_flag_DJF-TMAX-AVGNDS-GRTH040","years_DJF-TMAX-AVGNDS-GRTH040","DJF-TMAX-AVGNDS-GRTH050","meas_flag_DJF-TMAX-AVGNDS-GRTH050","comp_flag_DJF-TMAX-AVGNDS-GRTH050","years_DJF-TMAX-AVGNDS-GRTH050","DJF-TMAX-AVGNDS-GRTH060","meas_flag_DJF-TMAX-AVGNDS-GRTH060","comp_flag_DJF-TMAX-AVGNDS-GRTH060","years_DJF-TMAX-AVGNDS-GRTH060","DJF-TMAX-AVGNDS-GRTH070","meas_flag_DJF-TMAX-AVGNDS-GRTH070","comp_flag_DJF-TMAX-AVGNDS-GRTH070","years_DJF-TMAX-AVGNDS-GRTH070","DJF-TMAX-AVGNDS-GRTH080","meas_flag_DJF-TMAX-AVGNDS-GRTH080","comp_flag_DJF-TMAX-AVGNDS-GRTH080","years_DJF-TMAX-AVGNDS-GRTH080","DJF-TMAX-AVGNDS-GRTH090","meas_flag_DJF-TMAX-AVGNDS-GRTH090","comp_flag_DJF-TMAX-AVGNDS-GRTH090","years_DJF-TMAX-AVGNDS-GRTH090","DJF-TMAX-AVGNDS-GRTH100","meas_flag_DJF-TMAX-AVGNDS-GRTH100","comp_flag_DJF-TMAX-AVGNDS-GRTH100","years_DJF-TMAX-AVGNDS-GRTH100","DJF-TMAX-AVGNDS-LSTH032","meas_flag_DJF-TMAX-AVGNDS-LSTH032","comp_flag_DJF-TMAX-AVGNDS-LSTH032","years_DJF-TMAX-AVGNDS-LSTH032","DJF-HTDD-NORMAL","meas_flag_DJF-HTDD-NORMAL","comp_flag_DJF-HTDD-NORMAL","years_DJF-HTDD-NORMAL","DJF-HTDD-BASE40","meas_flag_DJF-HTDD-BASE40","comp_flag_DJF-HTDD-BASE40","years_DJF-HTDD-BASE40","DJF-HTDD-BASE45","meas_flag_DJF-HTDD-BASE45","comp_flag_DJF-HTDD-BASE45","years_DJF-HTDD-BASE45","DJF-HTDD-BASE50","meas_flag_DJF-HTDD-BASE50","comp_flag_DJF-HTDD-BASE50","years_DJF-HTDD-BASE50","DJF-HTDD-BASE55","meas_flag_DJF-HTDD-BASE55","comp_flag_DJF-HTDD-BASE55","years_DJF-HTDD-BASE55","DJF-HTDD-BASE57","meas_flag_DJF-HTDD-BASE57","comp_flag_DJF-HTDD-BASE57","years_DJF-HTDD-BASE57","DJF-HTDD-BASE60","meas_flag_DJF-HTDD-BASE60","comp_flag_DJF-HTDD-BASE60","years_DJF-HTDD-BASE60","DJF-CLDD-NORMAL","meas_flag_DJF-CLDD-NORMAL","comp_flag_DJF-CLDD-NORMAL","years_DJF-CLDD-NORMAL","DJF-CLDD-BASE40","meas_flag_DJF-CLDD-BASE40","comp_flag_DJF-CLDD-BASE40","years_DJF-CLDD-BASE40","DJF-CLDD-BASE45","meas_flag_DJF-CLDD-BASE45","comp_flag_DJF-CLDD-BASE45","years_DJF-CLDD-BASE45","DJF-CLDD-BASE50","meas_flag_DJF-CLDD-BASE50","comp_flag_DJF-CLDD-BASE50","years_DJF-CLDD-BASE50","DJF-CLDD-BASE55","meas_flag_DJF-CLDD-BASE55","comp_flag_DJF-CLDD-BASE55","years_DJF-CLDD-BASE55","DJF-CLDD-BASE57","meas_flag_DJF-CLDD-BASE57","comp_flag_DJF-CLDD-BASE57","years_DJF-CLDD-BASE57","DJF-CLDD-BASE60","meas_flag_DJF-CLDD-BASE60","comp_flag_DJF-CLDD-BASE60","years_DJF-CLDD-BASE60","DJF-CLDD-BASE70","meas_flag_DJF-CLDD-BASE70","comp_flag_DJF-CLDD-BASE70","years_DJF-CLDD-BASE70","DJF-CLDD-BASE72","meas_flag_DJF-CLDD-BASE72","comp_flag_DJF-CLDD-BASE72","years_DJF-CLDD-BASE72","DJF-GRDD-BASE65","meas_flag_DJF-GRDD-BASE65","comp_flag_DJF-GRDD-BASE65","years_DJF-GRDD-BASE65","DJF-GRDD-BASE40","meas_flag_DJF-GRDD-BASE40","comp_flag_DJF-GRDD-BASE40","years_DJF-GRDD-BASE40","DJF-GRDD-BASE45","meas_flag_DJF-GRDD-BASE45","comp_flag_DJF-GRDD-BASE45","years_DJF-GRDD-BASE45","DJF-GRDD-BASE50","meas_flag_DJF-GRDD-BASE50","comp_flag_DJF-GRDD-BASE50","years_DJF-GRDD-BASE50","DJF-GRDD-BASE55","meas_flag_DJF-GRDD-BASE55","comp_flag_DJF-GRDD-BASE55","years_DJF-GRDD-BASE55","DJF-GRDD-BASE57","meas_flag_DJF-GRDD-BASE57","comp_flag_DJF-GRDD-BASE57","years_DJF-GRDD-BASE57","DJF-GRDD-BASE60","meas_flag_DJF-GRDD-BASE60","comp_flag_DJF-GRDD-BASE60","years_DJF-GRDD-BASE60","DJF-GRDD-BASE70","meas_flag_DJF-GRDD-BASE70","comp_flag_DJF-GRDD-BASE70","years_DJF-GRDD-BASE70","DJF-GRDD-BASE72","meas_flag_DJF-GRDD-BASE72","comp_flag_DJF-GRDD-BASE72","years_DJF-GRDD-BASE72","DJF-GRDD-TB4886","meas_flag_DJF-GRDD-TB4886","comp_flag_DJF-GRDD-TB4886","years_DJF-GRDD-TB4886","DJF-GRDD-TB5086","meas_flag_DJF-GRDD-TB5086","comp_flag_DJF-GRDD-TB5086","years_DJF-GRDD-TB5086","ANN-TMIN-PRBOCC-LSTH016","meas_flag_ANN-TMIN-PRBOCC-LSTH016","comp_flag_ANN-TMIN-PRBOCC-LSTH016","years_ANN-TMIN-PRBOCC-LSTH016","ANN-TMIN-PRBOCC-LSTH020","meas_flag_ANN-TMIN-PRBOCC-LSTH020","comp_flag_ANN-TMIN-PRBOCC-LSTH020","years_ANN-TMIN-PRBOCC-LSTH020","ANN-TMIN-PRBOCC-LSTH024","meas_flag_ANN-TMIN-PRBOCC-LSTH024","comp_flag_ANN-TMIN-PRBOCC-LSTH024","years_ANN-TMIN-PRBOCC-LSTH024","ANN-TMIN-PRBOCC-LSTH028","meas_flag_ANN-TMIN-PRBOCC-LSTH028","comp_flag_ANN-TMIN-PRBOCC-LSTH028","years_ANN-TMIN-PRBOCC-LSTH028","ANN-TMIN-PRBOCC-LSTH032","meas_flag_ANN-TMIN-PRBOCC-LSTH032","comp_flag_ANN-TMIN-PRBOCC-LSTH032","years_ANN-TMIN-PRBOCC-LSTH032","ANN-TMIN-PRBOCC-LSTH036","meas_flag_ANN-TMIN-PRBOCC-LSTH036","comp_flag_ANN-TMIN-PRBOCC-LSTH036","years_ANN-TMIN-PRBOCC-LSTH036","ANN-TMIN-PRBFST-T16FP10","meas_flag_ANN-TMIN-PRBFST-T16FP10","comp_flag_ANN-TMIN-PRBFST-T16FP10","years_ANN-TMIN-PRBFST-T16FP10","ANN-TMIN-PRBFST-T16FP20","meas_flag_ANN-TMIN-PRBFST-T16FP20","comp_flag_ANN-TMIN-PRBFST-T16FP20","years_ANN-TMIN-PRBFST-T16FP20","ANN-TMIN-PRBFST-T16FP30","meas_flag_ANN-TMIN-PRBFST-T16FP30","comp_flag_ANN-TMIN-PRBFST-T16FP30","years_ANN-TMIN-PRBFST-T16FP30","ANN-TMIN-PRBFST-T16FP40","meas_flag_ANN-TMIN-PRBFST-T16FP40","comp_flag_ANN-TMIN-PRBFST-T16FP40","years_ANN-TMIN-PRBFST-T16FP40","ANN-TMIN-PRBFST-T16FP50","meas_flag_ANN-TMIN-PRBFST-T16FP50","comp_flag_ANN-TMIN-PRBFST-T16FP50","years_ANN-TMIN-PRBFST-T16FP50","ANN-TMIN-PRBFST-T16FP60","meas_flag_ANN-TMIN-PRBFST-T16FP60","comp_flag_ANN-TMIN-PRBFST-T16FP60","years_ANN-TMIN-PRBFST-T16FP60","ANN-TMIN-PRBFST-T16FP70","meas_flag_ANN-TMIN-PRBFST-T16FP70","comp_flag_ANN-TMIN-PRBFST-T16FP70","years_ANN-TMIN-PRBFST-T16FP70","ANN-TMIN-PRBFST-T16FP80","meas_flag_ANN-TMIN-PRBFST-T16FP80","comp_flag_ANN-TMIN-PRBFST-T16FP80","years_ANN-TMIN-PRBFST-T16FP80","ANN-TMIN-PRBFST-T16FP90","meas_flag_ANN-TMIN-PRBFST-T16FP90","comp_flag_ANN-TMIN-PRBFST-T16FP90","years_ANN-TMIN-PRBFST-T16FP90","ANN-TMIN-PRBFST-T20FP10","meas_flag_ANN-TMIN-PRBFST-T20FP10","comp_flag_ANN-TMIN-PRBFST-T20FP10","years_ANN-TMIN-PRBFST-T20FP10","ANN-TMIN-PRBFST-T20FP20","meas_flag_ANN-TMIN-PRBFST-T20FP20","comp_flag_ANN-TMIN-PRBFST-T20FP20","years_ANN-TMIN-PRBFST-T20FP20","ANN-TMIN-PRBFST-T20FP30","meas_flag_ANN-TMIN-PRBFST-T20FP30","comp_flag_ANN-TMIN-PRBFST-T20FP30","years_ANN-TMIN-PRBFST-T20FP30","ANN-TMIN-PRBFST-T20FP40","meas_flag_ANN-TMIN-PRBFST-T20FP40","comp_flag_ANN-TMIN-PRBFST-T20FP40","years_ANN-TMIN-PRBFST-T20FP40","ANN-TMIN-PRBFST-T20FP50","meas_flag_ANN-TMIN-PRBFST-T20FP50","comp_flag_ANN-TMIN-PRBFST-T20FP50","years_ANN-TMIN-PRBFST-T20FP50","ANN-TMIN-PRBFST-T20FP60","meas_flag_ANN-TMIN-PRBFST-T20FP60","comp_flag_ANN-TMIN-PRBFST-T20FP60","years_ANN-TMIN-PRBFST-T20FP60","ANN-TMIN-PRBFST-T20FP70","meas_flag_ANN-TMIN-PRBFST-T20FP70","comp_flag_ANN-TMIN-PRBFST-T20FP70","years_ANN-TMIN-PRBFST-T20FP70","ANN-TMIN-PRBFST-T20FP80","meas_flag_ANN-TMIN-PRBFST-T20FP80","comp_flag_ANN-TMIN-PRBFST-T20FP80","years_ANN-TMIN-PRBFST-T20FP80","ANN-TMIN-PRBFST-T20FP90","meas_flag_ANN-TMIN-PRBFST-T20FP90","comp_flag_ANN-TMIN-PRBFST-T20FP90","years_ANN-TMIN-PRBFST-T20FP90","ANN-TMIN-PRBFST-T24FP10","meas_flag_ANN-TMIN-PRBFST-T24FP10","comp_flag_ANN-TMIN-PRBFST-T24FP10","years_ANN-TMIN-PRBFST-T24FP10","ANN-TMIN-PRBFST-T24FP20","meas_flag_ANN-TMIN-PRBFST-T24FP20","comp_flag_ANN-TMIN-PRBFST-T24FP20","years_ANN-TMIN-PRBFST-T24FP20","ANN-TMIN-PRBFST-T24FP30","meas_flag_ANN-TMIN-PRBFST-T24FP30","comp_flag_ANN-TMIN-PRBFST-T24FP30","years_ANN-TMIN-PRBFST-T24FP30","ANN-TMIN-PRBFST-T24FP40","meas_flag_ANN-TMIN-PRBFST-T24FP40","comp_flag_ANN-TMIN-PRBFST-T24FP40","years_ANN-TMIN-PRBFST-T24FP40","ANN-TMIN-PRBFST-T24FP50","meas_flag_ANN-TMIN-PRBFST-T24FP50","comp_flag_ANN-TMIN-PRBFST-T24FP50","years_ANN-TMIN-PRBFST-T24FP50","ANN-TMIN-PRBFST-T24FP60","meas_flag_ANN-TMIN-PRBFST-T24FP60","comp_flag_ANN-TMIN-PRBFST-T24FP60","years_ANN-TMIN-PRBFST-T24FP60","ANN-TMIN-PRBFST-T24FP70","meas_flag_ANN-TMIN-PRBFST-T24FP70","comp_flag_ANN-TMIN-PRBFST-T24FP70","years_ANN-TMIN-PRBFST-T24FP70","ANN-TMIN-PRBFST-T24FP80","meas_flag_ANN-TMIN-PRBFST-T24FP80","comp_flag_ANN-TMIN-PRBFST-T24FP80","years_ANN-TMIN-PRBFST-T24FP80","ANN-TMIN-PRBFST-T24FP90","meas_flag_ANN-TMIN-PRBFST-T24FP90","comp_flag_ANN-TMIN-PRBFST-T24FP90","years_ANN-TMIN-PRBFST-T24FP90","ANN-TMIN-PRBFST-T28FP10","meas_flag_ANN-TMIN-PRBFST-T28FP10","comp_flag_ANN-TMIN-PRBFST-T28FP10","years_ANN-TMIN-PRBFST-T28FP10","ANN-TMIN-PRBFST-T28FP20","meas_flag_ANN-TMIN-PRBFST-T28FP20","comp_flag_ANN-TMIN-PRBFST-T28FP20","years_ANN-TMIN-PRBFST-T28FP20","ANN-TMIN-PRBFST-T28FP30","meas_flag_ANN-TMIN-PRBFST-T28FP30","comp_flag_ANN-TMIN-PRBFST-T28FP30","years_ANN-TMIN-PRBFST-T28FP30","ANN-TMIN-PRBFST-T28FP40","meas_flag_ANN-TMIN-PRBFST-T28FP40","comp_flag_ANN-TMIN-PRBFST-T28FP40","years_ANN-TMIN-PRBFST-T28FP40","ANN-TMIN-PRBFST-T28FP50","meas_flag_ANN-TMIN-PRBFST-T28FP50","comp_flag_ANN-TMIN-PRBFST-T28FP50","years_ANN-TMIN-PRBFST-T28FP50","ANN-TMIN-PRBFST-T28FP60","meas_flag_ANN-TMIN-PRBFST-T28FP60","comp_flag_ANN-TMIN-PRBFST-T28FP60","years_ANN-TMIN-PRBFST-T28FP60","ANN-TMIN-PRBFST-T28FP70","meas_flag_ANN-TMIN-PRBFST-T28FP70","comp_flag_ANN-TMIN-PRBFST-T28FP70","years_ANN-TMIN-PRBFST-T28FP70","ANN-TMIN-PRBFST-T28FP80","meas_flag_ANN-TMIN-PRBFST-T28FP80","comp_flag_ANN-TMIN-PRBFST-T28FP80","years_ANN-TMIN-PRBFST-T28FP80","ANN-TMIN-PRBFST-T28FP90","meas_flag_ANN-TMIN-PRBFST-T28FP90","comp_flag_ANN-TMIN-PRBFST-T28FP90","years_ANN-TMIN-PRBFST-T28FP90","ANN-TMIN-PRBFST-T32FP10","meas_flag_ANN-TMIN-PRBFST-T32FP10","comp_flag_ANN-TMIN-PRBFST-T32FP10","years_ANN-TMIN-PRBFST-T32FP10","ANN-TMIN-PRBFST-T32FP20","meas_flag_ANN-TMIN-PRBFST-T32FP20","comp_flag_ANN-TMIN-PRBFST-T32FP20","years_ANN-TMIN-PRBFST-T32FP20","ANN-TMIN-PRBFST-T32FP30","meas_flag_ANN-TMIN-PRBFST-T32FP30","comp_flag_ANN-TMIN-PRBFST-T32FP30","years_ANN-TMIN-PRBFST-T32FP30","ANN-TMIN-PRBFST-T32FP40","meas_flag_ANN-TMIN-PRBFST-T32FP40","comp_flag_ANN-TMIN-PRBFST-T32FP40","years_ANN-TMIN-PRBFST-T32FP40","ANN-TMIN-PRBFST-T32FP50","meas_flag_ANN-TMIN-PRBFST-T32FP50","comp_flag_ANN-TMIN-PRBFST-T32FP50","years_ANN-TMIN-PRBFST-T32FP50","ANN-TMIN-PRBFST-T32FP60","meas_flag_ANN-TMIN-PRBFST-T32FP60","comp_flag_ANN-TMIN-PRBFST-T32FP60","years_ANN-TMIN-PRBFST-T32FP60","ANN-TMIN-PRBFST-T32FP70","meas_flag_ANN-TMIN-PRBFST-T32FP70","comp_flag_ANN-TMIN-PRBFST-T32FP70","years_ANN-TMIN-PRBFST-T32FP70","ANN-TMIN-PRBFST-T32FP80","meas_flag_ANN-TMIN-PRBFST-T32FP80","comp_flag_ANN-TMIN-PRBFST-T32FP80","years_ANN-TMIN-PRBFST-T32FP80","ANN-TMIN-PRBFST-T32FP90","meas_flag_ANN-TMIN-PRBFST-T32FP90","comp_flag_ANN-TMIN-PRBFST-T32FP90","years_ANN-TMIN-PRBFST-T32FP90","ANN-TMIN-PRBFST-T36FP10","meas_flag_ANN-TMIN-PRBFST-T36FP10","comp_flag_ANN-TMIN-PRBFST-T36FP10","years_ANN-TMIN-PRBFST-T36FP10","ANN-TMIN-PRBFST-T36FP20","meas_flag_ANN-TMIN-PRBFST-T36FP20","comp_flag_ANN-TMIN-PRBFST-T36FP20","years_ANN-TMIN-PRBFST-T36FP20","ANN-TMIN-PRBFST-T36FP30","meas_flag_ANN-TMIN-PRBFST-T36FP30","comp_flag_ANN-TMIN-PRBFST-T36FP30","years_ANN-TMIN-PRBFST-T36FP30","ANN-TMIN-PRBFST-T36FP40","meas_flag_ANN-TMIN-PRBFST-T36FP40","comp_flag_ANN-TMIN-PRBFST-T36FP40","years_ANN-TMIN-PRBFST-T36FP40","ANN-TMIN-PRBFST-T36FP50","meas_flag_ANN-TMIN-PRBFST-T36FP50","comp_flag_ANN-TMIN-PRBFST-T36FP50","years_ANN-TMIN-PRBFST-T36FP50","ANN-TMIN-PRBFST-T36FP60","meas_flag_ANN-TMIN-PRBFST-T36FP60","comp_flag_ANN-TMIN-PRBFST-T36FP60","years_ANN-TMIN-PRBFST-T36FP60","ANN-TMIN-PRBFST-T36FP70","meas_flag_ANN-TMIN-PRBFST-T36FP70","comp_flag_ANN-TMIN-PRBFST-T36FP70","years_ANN-TMIN-PRBFST-T36FP70","ANN-TMIN-PRBFST-T36FP80","meas_flag_ANN-TMIN-PRBFST-T36FP80","comp_flag_ANN-TMIN-PRBFST-T36FP80","years_ANN-TMIN-PRBFST-T36FP80","ANN-TMIN-PRBFST-T36FP90","meas_flag_ANN-TMIN-PRBFST-T36FP90","comp_flag_ANN-TMIN-PRBFST-T36FP90","years_ANN-TMIN-PRBFST-T36FP90","ANN-TMIN-PRBLST-T16FP10","meas_flag_ANN-TMIN-PRBLST-T16FP10","comp_flag_ANN-TMIN-PRBLST-T16FP10","years_ANN-TMIN-PRBLST-T16FP10","ANN-TMIN-PRBLST-T16FP20","meas_flag_ANN-TMIN-PRBLST-T16FP20","comp_flag_ANN-TMIN-PRBLST-T16FP20","years_ANN-TMIN-PRBLST-T16FP20","ANN-TMIN-PRBLST-T16FP30","meas_flag_ANN-TMIN-PRBLST-T16FP30","comp_flag_ANN-TMIN-PRBLST-T16FP30","years_ANN-TMIN-PRBLST-T16FP30","ANN-TMIN-PRBLST-T16FP40","meas_flag_ANN-TMIN-PRBLST-T16FP40","comp_flag_ANN-TMIN-PRBLST-T16FP40","years_ANN-TMIN-PRBLST-T16FP40","ANN-TMIN-PRBLST-T16FP50","meas_flag_ANN-TMIN-PRBLST-T16FP50","comp_flag_ANN-TMIN-PRBLST-T16FP50","years_ANN-TMIN-PRBLST-T16FP50","ANN-TMIN-PRBLST-T16FP60","meas_flag_ANN-TMIN-PRBLST-T16FP60","comp_flag_ANN-TMIN-PRBLST-T16FP60","years_ANN-TMIN-PRBLST-T16FP60","ANN-TMIN-PRBLST-T16FP70","meas_flag_ANN-TMIN-PRBLST-T16FP70","comp_flag_ANN-TMIN-PRBLST-T16FP70","years_ANN-TMIN-PRBLST-T16FP70","ANN-TMIN-PRBLST-T16FP80","meas_flag_ANN-TMIN-PRBLST-T16FP80","comp_flag_ANN-TMIN-PRBLST-T16FP80","years_ANN-TMIN-PRBLST-T16FP80","ANN-TMIN-PRBLST-T16FP90","meas_flag_ANN-TMIN-PRBLST-T16FP90","comp_flag_ANN-TMIN-PRBLST-T16FP90","years_ANN-TMIN-PRBLST-T16FP90","ANN-TMIN-PRBLST-T20FP10","meas_flag_ANN-TMIN-PRBLST-T20FP10","comp_flag_ANN-TMIN-PRBLST-T20FP10","years_ANN-TMIN-PRBLST-T20FP10","ANN-TMIN-PRBLST-T20FP20","meas_flag_ANN-TMIN-PRBLST-T20FP20","comp_flag_ANN-TMIN-PRBLST-T20FP20","years_ANN-TMIN-PRBLST-T20FP20","ANN-TMIN-PRBLST-T20FP30","meas_flag_ANN-TMIN-PRBLST-T20FP30","comp_flag_ANN-TMIN-PRBLST-T20FP30","years_ANN-TMIN-PRBLST-T20FP30","ANN-TMIN-PRBLST-T20FP40","meas_flag_ANN-TMIN-PRBLST-T20FP40","comp_flag_ANN-TMIN-PRBLST-T20FP40","years_ANN-TMIN-PRBLST-T20FP40","ANN-TMIN-PRBLST-T20FP50","meas_flag_ANN-TMIN-PRBLST-T20FP50","comp_flag_ANN-TMIN-PRBLST-T20FP50","years_ANN-TMIN-PRBLST-T20FP50","ANN-TMIN-PRBLST-T20FP60","meas_flag_ANN-TMIN-PRBLST-T20FP60","comp_flag_ANN-TMIN-PRBLST-T20FP60","years_ANN-TMIN-PRBLST-T20FP60","ANN-TMIN-PRBLST-T20FP70","meas_flag_ANN-TMIN-PRBLST-T20FP70","comp_flag_ANN-TMIN-PRBLST-T20FP70","years_ANN-TMIN-PRBLST-T20FP70","ANN-TMIN-PRBLST-T20FP80","meas_flag_ANN-TMIN-PRBLST-T20FP80","comp_flag_ANN-TMIN-PRBLST-T20FP80","years_ANN-TMIN-PRBLST-T20FP80","ANN-TMIN-PRBLST-T20FP90","meas_flag_ANN-TMIN-PRBLST-T20FP90","comp_flag_ANN-TMIN-PRBLST-T20FP90","years_ANN-TMIN-PRBLST-T20FP90","ANN-TMIN-PRBLST-T24FP10","meas_flag_ANN-TMIN-PRBLST-T24FP10","comp_flag_ANN-TMIN-PRBLST-T24FP10","years_ANN-TMIN-PRBLST-T24FP10","ANN-TMIN-PRBLST-T24FP20","meas_flag_ANN-TMIN-PRBLST-T24FP20","comp_flag_ANN-TMIN-PRBLST-T24FP20","years_ANN-TMIN-PRBLST-T24FP20","ANN-TMIN-PRBLST-T24FP30","meas_flag_ANN-TMIN-PRBLST-T24FP30","comp_flag_ANN-TMIN-PRBLST-T24FP30","years_ANN-TMIN-PRBLST-T24FP30","ANN-TMIN-PRBLST-T24FP40","meas_flag_ANN-TMIN-PRBLST-T24FP40","comp_flag_ANN-TMIN-PRBLST-T24FP40","years_ANN-TMIN-PRBLST-T24FP40","ANN-TMIN-PRBLST-T24FP50","meas_flag_ANN-TMIN-PRBLST-T24FP50","comp_flag_ANN-TMIN-PRBLST-T24FP50","years_ANN-TMIN-PRBLST-T24FP50","ANN-TMIN-PRBLST-T24FP60","meas_flag_ANN-TMIN-PRBLST-T24FP60","comp_flag_ANN-TMIN-PRBLST-T24FP60","years_ANN-TMIN-PRBLST-T24FP60","ANN-TMIN-PRBLST-T24FP70","meas_flag_ANN-TMIN-PRBLST-T24FP70","comp_flag_ANN-TMIN-PRBLST-T24FP70","years_ANN-TMIN-PRBLST-T24FP70","ANN-TMIN-PRBLST-T24FP80","meas_flag_ANN-TMIN-PRBLST-T24FP80","comp_flag_ANN-TMIN-PRBLST-T24FP80","years_ANN-TMIN-PRBLST-T24FP80","ANN-TMIN-PRBLST-T24FP90","meas_flag_ANN-TMIN-PRBLST-T24FP90","comp_flag_ANN-TMIN-PRBLST-T24FP90","years_ANN-TMIN-PRBLST-T24FP90","ANN-TMIN-PRBLST-T28FP10","meas_flag_ANN-TMIN-PRBLST-T28FP10","comp_flag_ANN-TMIN-PRBLST-T28FP10","years_ANN-TMIN-PRBLST-T28FP10","ANN-TMIN-PRBLST-T28FP20","meas_flag_ANN-TMIN-PRBLST-T28FP20","comp_flag_ANN-TMIN-PRBLST-T28FP20","years_ANN-TMIN-PRBLST-T28FP20","ANN-TMIN-PRBLST-T28FP30","meas_flag_ANN-TMIN-PRBLST-T28FP30","comp_flag_ANN-TMIN-PRBLST-T28FP30","years_ANN-TMIN-PRBLST-T28FP30","ANN-TMIN-PRBLST-T28FP40","meas_flag_ANN-TMIN-PRBLST-T28FP40","comp_flag_ANN-TMIN-PRBLST-T28FP40","years_ANN-TMIN-PRBLST-T28FP40","ANN-TMIN-PRBLST-T28FP50","meas_flag_ANN-TMIN-PRBLST-T28FP50","comp_flag_ANN-TMIN-PRBLST-T28FP50","years_ANN-TMIN-PRBLST-T28FP50","ANN-TMIN-PRBLST-T28FP60","meas_flag_ANN-TMIN-PRBLST-T28FP60","comp_flag_ANN-TMIN-PRBLST-T28FP60","years_ANN-TMIN-PRBLST-T28FP60","ANN-TMIN-PRBLST-T28FP70","meas_flag_ANN-TMIN-PRBLST-T28FP70","comp_flag_ANN-TMIN-PRBLST-T28FP70","years_ANN-TMIN-PRBLST-T28FP70","ANN-TMIN-PRBLST-T28FP80","meas_flag_ANN-TMIN-PRBLST-T28FP80","comp_flag_ANN-TMIN-PRBLST-T28FP80","years_ANN-TMIN-PRBLST-T28FP80","ANN-TMIN-PRBLST-T28FP90","meas_flag_ANN-TMIN-PRBLST-T28FP90","comp_flag_ANN-TMIN-PRBLST-T28FP90","years_ANN-TMIN-PRBLST-T28FP90","ANN-TMIN-PRBLST-T32FP10","meas_flag_ANN-TMIN-PRBLST-T32FP10","comp_flag_ANN-TMIN-PRBLST-T32FP10","years_ANN-TMIN-PRBLST-T32FP10","ANN-TMIN-PRBLST-T32FP20","meas_flag_ANN-TMIN-PRBLST-T32FP20","comp_flag_ANN-TMIN-PRBLST-T32FP20","years_ANN-TMIN-PRBLST-T32FP20","ANN-TMIN-PRBLST-T32FP30","meas_flag_ANN-TMIN-PRBLST-T32FP30","comp_flag_ANN-TMIN-PRBLST-T32FP30","years_ANN-TMIN-PRBLST-T32FP30","ANN-TMIN-PRBLST-T32FP40","meas_flag_ANN-TMIN-PRBLST-T32FP40","comp_flag_ANN-TMIN-PRBLST-T32FP40","years_ANN-TMIN-PRBLST-T32FP40","ANN-TMIN-PRBLST-T32FP50","meas_flag_ANN-TMIN-PRBLST-T32FP50","comp_flag_ANN-TMIN-PRBLST-T32FP50","years_ANN-TMIN-PRBLST-T32FP50","ANN-TMIN-PRBLST-T32FP60","meas_flag_ANN-TMIN-PRBLST-T32FP60","comp_flag_ANN-TMIN-PRBLST-T32FP60","years_ANN-TMIN-PRBLST-T32FP60","ANN-TMIN-PRBLST-T32FP70","meas_flag_ANN-TMIN-PRBLST-T32FP70","comp_flag_ANN-TMIN-PRBLST-T32FP70","years_ANN-TMIN-PRBLST-T32FP70","ANN-TMIN-PRBLST-T32FP80","meas_flag_ANN-TMIN-PRBLST-T32FP80","comp_flag_ANN-TMIN-PRBLST-T32FP80","years_ANN-TMIN-PRBLST-T32FP80","ANN-TMIN-PRBLST-T32FP90","meas_flag_ANN-TMIN-PRBLST-T32FP90","comp_flag_ANN-TMIN-PRBLST-T32FP90","years_ANN-TMIN-PRBLST-T32FP90","ANN-TMIN-PRBLST-T36FP10","meas_flag_ANN-TMIN-PRBLST-T36FP10","comp_flag_ANN-TMIN-PRBLST-T36FP10","years_ANN-TMIN-PRBLST-T36FP10","ANN-TMIN-PRBLST-T36FP20","meas_flag_ANN-TMIN-PRBLST-T36FP20","comp_flag_ANN-TMIN-PRBLST-T36FP20","years_ANN-TMIN-PRBLST-T36FP20","ANN-TMIN-PRBLST-T36FP30","meas_flag_ANN-TMIN-PRBLST-T36FP30","comp_flag_ANN-TMIN-PRBLST-T36FP30","years_ANN-TMIN-PRBLST-T36FP30","ANN-TMIN-PRBLST-T36FP40","meas_flag_ANN-TMIN-PRBLST-T36FP40","comp_flag_ANN-TMIN-PRBLST-T36FP40","years_ANN-TMIN-PRBLST-T36FP40","ANN-TMIN-PRBLST-T36FP50","meas_flag_ANN-TMIN-PRBLST-T36FP50","comp_flag_ANN-TMIN-PRBLST-T36FP50","years_ANN-TMIN-PRBLST-T36FP50","ANN-TMIN-PRBLST-T36FP60","meas_flag_ANN-TMIN-PRBLST-T36FP60","comp_flag_ANN-TMIN-PRBLST-T36FP60","years_ANN-TMIN-PRBLST-T36FP60","ANN-TMIN-PRBLST-T36FP70","meas_flag_ANN-TMIN-PRBLST-T36FP70","comp_flag_ANN-TMIN-PRBLST-T36FP70","years_ANN-TMIN-PRBLST-T36FP70","ANN-TMIN-PRBLST-T36FP80","meas_flag_ANN-TMIN-PRBLST-T36FP80","comp_flag_ANN-TMIN-PRBLST-T36FP80","years_ANN-TMIN-PRBLST-T36FP80","ANN-TMIN-PRBLST-T36FP90","meas_flag_ANN-TMIN-PRBLST-T36FP90","comp_flag_ANN-TMIN-PRBLST-T36FP90","years_ANN-TMIN-PRBLST-T36FP90","ANN-TMIN-PRBGSL-T16FP10","meas_flag_ANN-TMIN-PRBGSL-T16FP10","comp_flag_ANN-TMIN-PRBGSL-T16FP10","years_ANN-TMIN-PRBGSL-T16FP10","ANN-TMIN-PRBGSL-T16FP20","meas_flag_ANN-TMIN-PRBGSL-T16FP20","comp_flag_ANN-TMIN-PRBGSL-T16FP20","years_ANN-TMIN-PRBGSL-T16FP20","ANN-TMIN-PRBGSL-T16FP30","meas_flag_ANN-TMIN-PRBGSL-T16FP30","comp_flag_ANN-TMIN-PRBGSL-T16FP30","years_ANN-TMIN-PRBGSL-T16FP30","ANN-TMIN-PRBGSL-T16FP40","meas_flag_ANN-TMIN-PRBGSL-T16FP40","comp_flag_ANN-TMIN-PRBGSL-T16FP40","years_ANN-TMIN-PRBGSL-T16FP40","ANN-TMIN-PRBGSL-T16FP50","meas_flag_ANN-TMIN-PRBGSL-T16FP50","comp_flag_ANN-TMIN-PRBGSL-T16FP50","years_ANN-TMIN-PRBGSL-T16FP50","ANN-TMIN-PRBGSL-T16FP60","meas_flag_ANN-TMIN-PRBGSL-T16FP60","comp_flag_ANN-TMIN-PRBGSL-T16FP60","years_ANN-TMIN-PRBGSL-T16FP60","ANN-TMIN-PRBGSL-T16FP70","meas_flag_ANN-TMIN-PRBGSL-T16FP70","comp_flag_ANN-TMIN-PRBGSL-T16FP70","years_ANN-TMIN-PRBGSL-T16FP70","ANN-TMIN-PRBGSL-T16FP80","meas_flag_ANN-TMIN-PRBGSL-T16FP80","comp_flag_ANN-TMIN-PRBGSL-T16FP80","years_ANN-TMIN-PRBGSL-T16FP80","ANN-TMIN-PRBGSL-T16FP90","meas_flag_ANN-TMIN-PRBGSL-T16FP90","comp_flag_ANN-TMIN-PRBGSL-T16FP90","years_ANN-TMIN-PRBGSL-T16FP90","ANN-TMIN-PRBGSL-T20FP10","meas_flag_ANN-TMIN-PRBGSL-T20FP10","comp_flag_ANN-TMIN-PRBGSL-T20FP10","years_ANN-TMIN-PRBGSL-T20FP10","ANN-TMIN-PRBGSL-T20FP20","meas_flag_ANN-TMIN-PRBGSL-T20FP20","comp_flag_ANN-TMIN-PRBGSL-T20FP20","years_ANN-TMIN-PRBGSL-T20FP20","ANN-TMIN-PRBGSL-T20FP30","meas_flag_ANN-TMIN-PRBGSL-T20FP30","comp_flag_ANN-TMIN-PRBGSL-T20FP30","years_ANN-TMIN-PRBGSL-T20FP30","ANN-TMIN-PRBGSL-T20FP40","meas_flag_ANN-TMIN-PRBGSL-T20FP40","comp_flag_ANN-TMIN-PRBGSL-T20FP40","years_ANN-TMIN-PRBGSL-T20FP40","ANN-TMIN-PRBGSL-T20FP50","meas_flag_ANN-TMIN-PRBGSL-T20FP50","comp_flag_ANN-TMIN-PRBGSL-T20FP50","years_ANN-TMIN-PRBGSL-T20FP50","ANN-TMIN-PRBGSL-T20FP60","meas_flag_ANN-TMIN-PRBGSL-T20FP60","comp_flag_ANN-TMIN-PRBGSL-T20FP60","years_ANN-TMIN-PRBGSL-T20FP60","ANN-TMIN-PRBGSL-T20FP70","meas_flag_ANN-TMIN-PRBGSL-T20FP70","comp_flag_ANN-TMIN-PRBGSL-T20FP70","years_ANN-TMIN-PRBGSL-T20FP70","ANN-TMIN-PRBGSL-T20FP80","meas_flag_ANN-TMIN-PRBGSL-T20FP80","comp_flag_ANN-TMIN-PRBGSL-T20FP80","years_ANN-TMIN-PRBGSL-T20FP80","ANN-TMIN-PRBGSL-T20FP90","meas_flag_ANN-TMIN-PRBGSL-T20FP90","comp_flag_ANN-TMIN-PRBGSL-T20FP90","years_ANN-TMIN-PRBGSL-T20FP90","ANN-TMIN-PRBGSL-T24FP10","meas_flag_ANN-TMIN-PRBGSL-T24FP10","comp_flag_ANN-TMIN-PRBGSL-T24FP10","years_ANN-TMIN-PRBGSL-T24FP10","ANN-TMIN-PRBGSL-T24FP20","meas_flag_ANN-TMIN-PRBGSL-T24FP20","comp_flag_ANN-TMIN-PRBGSL-T24FP20","years_ANN-TMIN-PRBGSL-T24FP20","ANN-TMIN-PRBGSL-T24FP30","meas_flag_ANN-TMIN-PRBGSL-T24FP30","comp_flag_ANN-TMIN-PRBGSL-T24FP30","years_ANN-TMIN-PRBGSL-T24FP30","ANN-TMIN-PRBGSL-T24FP40","meas_flag_ANN-TMIN-PRBGSL-T24FP40","comp_flag_ANN-TMIN-PRBGSL-T24FP40","years_ANN-TMIN-PRBGSL-T24FP40","ANN-TMIN-PRBGSL-T24FP50","meas_flag_ANN-TMIN-PRBGSL-T24FP50","comp_flag_ANN-TMIN-PRBGSL-T24FP50","years_ANN-TMIN-PRBGSL-T24FP50","ANN-TMIN-PRBGSL-T24FP60","meas_flag_ANN-TMIN-PRBGSL-T24FP60","comp_flag_ANN-TMIN-PRBGSL-T24FP60","years_ANN-TMIN-PRBGSL-T24FP60","ANN-TMIN-PRBGSL-T24FP70","meas_flag_ANN-TMIN-PRBGSL-T24FP70","comp_flag_ANN-TMIN-PRBGSL-T24FP70","years_ANN-TMIN-PRBGSL-T24FP70","ANN-TMIN-PRBGSL-T24FP80","meas_flag_ANN-TMIN-PRBGSL-T24FP80","comp_flag_ANN-TMIN-PRBGSL-T24FP80","years_ANN-TMIN-PRBGSL-T24FP80","ANN-TMIN-PRBGSL-T24FP90","meas_flag_ANN-TMIN-PRBGSL-T24FP90","comp_flag_ANN-TMIN-PRBGSL-T24FP90","years_ANN-TMIN-PRBGSL-T24FP90","ANN-TMIN-PRBGSL-T28FP10","meas_flag_ANN-TMIN-PRBGSL-T28FP10","comp_flag_ANN-TMIN-PRBGSL-T28FP10","years_ANN-TMIN-PRBGSL-T28FP10","ANN-TMIN-PRBGSL-T28FP20","meas_flag_ANN-TMIN-PRBGSL-T28FP20","comp_flag_ANN-TMIN-PRBGSL-T28FP20","years_ANN-TMIN-PRBGSL-T28FP20","ANN-TMIN-PRBGSL-T28FP30","meas_flag_ANN-TMIN-PRBGSL-T28FP30","comp_flag_ANN-TMIN-PRBGSL-T28FP30","years_ANN-TMIN-PRBGSL-T28FP30","ANN-TMIN-PRBGSL-T28FP40","meas_flag_ANN-TMIN-PRBGSL-T28FP40","comp_flag_ANN-TMIN-PRBGSL-T28FP40","years_ANN-TMIN-PRBGSL-T28FP40","ANN-TMIN-PRBGSL-T28FP50","meas_flag_ANN-TMIN-PRBGSL-T28FP50","comp_flag_ANN-TMIN-PRBGSL-T28FP50","years_ANN-TMIN-PRBGSL-T28FP50","ANN-TMIN-PRBGSL-T28FP60","meas_flag_ANN-TMIN-PRBGSL-T28FP60","comp_flag_ANN-TMIN-PRBGSL-T28FP60","years_ANN-TMIN-PRBGSL-T28FP60","ANN-TMIN-PRBGSL-T28FP70","meas_flag_ANN-TMIN-PRBGSL-T28FP70","comp_flag_ANN-TMIN-PRBGSL-T28FP70","years_ANN-TMIN-PRBGSL-T28FP70","ANN-TMIN-PRBGSL-T28FP80","meas_flag_ANN-TMIN-PRBGSL-T28FP80","comp_flag_ANN-TMIN-PRBGSL-T28FP80","years_ANN-TMIN-PRBGSL-T28FP80","ANN-TMIN-PRBGSL-T28FP90","meas_flag_ANN-TMIN-PRBGSL-T28FP90","comp_flag_ANN-TMIN-PRBGSL-T28FP90","years_ANN-TMIN-PRBGSL-T28FP90","ANN-TMIN-PRBGSL-T32FP10","meas_flag_ANN-TMIN-PRBGSL-T32FP10","comp_flag_ANN-TMIN-PRBGSL-T32FP10","years_ANN-TMIN-PRBGSL-T32FP10","ANN-TMIN-PRBGSL-T32FP20","meas_flag_ANN-TMIN-PRBGSL-T32FP20","comp_flag_ANN-TMIN-PRBGSL-T32FP20","years_ANN-TMIN-PRBGSL-T32FP20","ANN-TMIN-PRBGSL-T32FP30","meas_flag_ANN-TMIN-PRBGSL-T32FP30","comp_flag_ANN-TMIN-PRBGSL-T32FP30","years_ANN-TMIN-PRBGSL-T32FP30","ANN-TMIN-PRBGSL-T32FP40","meas_flag_ANN-TMIN-PRBGSL-T32FP40","comp_flag_ANN-TMIN-PRBGSL-T32FP40","years_ANN-TMIN-PRBGSL-T32FP40","ANN-TMIN-PRBGSL-T32FP50","meas_flag_ANN-TMIN-PRBGSL-T32FP50","comp_flag_ANN-TMIN-PRBGSL-T32FP50","years_ANN-TMIN-PRBGSL-T32FP50","ANN-TMIN-PRBGSL-T32FP60","meas_flag_ANN-TMIN-PRBGSL-T32FP60","comp_flag_ANN-TMIN-PRBGSL-T32FP60","years_ANN-TMIN-PRBGSL-T32FP60","ANN-TMIN-PRBGSL-T32FP70","meas_flag_ANN-TMIN-PRBGSL-T32FP70","comp_flag_ANN-TMIN-PRBGSL-T32FP70","years_ANN-TMIN-PRBGSL-T32FP70","ANN-TMIN-PRBGSL-T32FP80","meas_flag_ANN-TMIN-PRBGSL-T32FP80","comp_flag_ANN-TMIN-PRBGSL-T32FP80","years_ANN-TMIN-PRBGSL-T32FP80","ANN-TMIN-PRBGSL-T32FP90","meas_flag_ANN-TMIN-PRBGSL-T32FP90","comp_flag_ANN-TMIN-PRBGSL-T32FP90","years_ANN-TMIN-PRBGSL-T32FP90","ANN-TMIN-PRBGSL-T36FP10","meas_flag_ANN-TMIN-PRBGSL-T36FP10","comp_flag_ANN-TMIN-PRBGSL-T36FP10","years_ANN-TMIN-PRBGSL-T36FP10","ANN-TMIN-PRBGSL-T36FP20","meas_flag_ANN-TMIN-PRBGSL-T36FP20","comp_flag_ANN-TMIN-PRBGSL-T36FP20","years_ANN-TMIN-PRBGSL-T36FP20","ANN-TMIN-PRBGSL-T36FP30","meas_flag_ANN-TMIN-PRBGSL-T36FP30","comp_flag_ANN-TMIN-PRBGSL-T36FP30","years_ANN-TMIN-PRBGSL-T36FP30","ANN-TMIN-PRBGSL-T36FP40","meas_flag_ANN-TMIN-PRBGSL-T36FP40","comp_flag_ANN-TMIN-PRBGSL-T36FP40","years_ANN-TMIN-PRBGSL-T36FP40","ANN-TMIN-PRBGSL-T36FP50","meas_flag_ANN-TMIN-PRBGSL-T36FP50","comp_flag_ANN-TMIN-PRBGSL-T36FP50","years_ANN-TMIN-PRBGSL-T36FP50","ANN-TMIN-PRBGSL-T36FP60","meas_flag_ANN-TMIN-PRBGSL-T36FP60","comp_flag_ANN-TMIN-PRBGSL-T36FP60","years_ANN-TMIN-PRBGSL-T36FP60","ANN-TMIN-PRBGSL-T36FP70","meas_flag_ANN-TMIN-PRBGSL-T36FP70","comp_flag_ANN-TMIN-PRBGSL-T36FP70","years_ANN-TMIN-PRBGSL-T36FP70","ANN-TMIN-PRBGSL-T36FP80","meas_flag_ANN-TMIN-PRBGSL-T36FP80","comp_flag_ANN-TMIN-PRBGSL-T36FP80","years_ANN-TMIN-PRBGSL-T36FP80","ANN-TMIN-PRBGSL-T36FP90","meas_flag_ANN-TMIN-PRBGSL-T36FP90","comp_flag_ANN-TMIN-PRBGSL-T36FP90","years_ANN-TMIN-PRBGSL-T36FP90","ANN-PRCP-NORMAL","meas_flag_ANN-PRCP-NORMAL","comp_flag_ANN-PRCP-NORMAL","years_ANN-PRCP-NORMAL","MAM-PRCP-NORMAL","meas_flag_MAM-PRCP-NORMAL","comp_flag_MAM-PRCP-NORMAL","years_MAM-PRCP-NORMAL","JJA-PRCP-NORMAL","meas_flag_JJA-PRCP-NORMAL","comp_flag_JJA-PRCP-NORMAL","years_JJA-PRCP-NORMAL","SON-PRCP-NORMAL","meas_flag_SON-PRCP-NORMAL","comp_flag_SON-PRCP-NORMAL","years_SON-PRCP-NORMAL","DJF-PRCP-NORMAL","meas_flag_DJF-PRCP-NORMAL","comp_flag_DJF-PRCP-NORMAL","years_DJF-PRCP-NORMAL","ANN-SNOW-NORMAL","meas_flag_ANN-SNOW-NORMAL","comp_flag_ANN-SNOW-NORMAL","years_ANN-SNOW-NORMAL","MAM-SNOW-NORMAL","meas_flag_MAM-SNOW-NORMAL","comp_flag_MAM-SNOW-NORMAL","years_MAM-SNOW-NORMAL","JJA-SNOW-NORMAL","meas_flag_JJA-SNOW-NORMAL","comp_flag_JJA-SNOW-NORMAL","years_JJA-SNOW-NORMAL","SON-SNOW-NORMAL","meas_flag_SON-SNOW-NORMAL","comp_flag_SON-SNOW-NORMAL","years_SON-SNOW-NORMAL","DJF-SNOW-NORMAL","meas_flag_DJF-SNOW-NORMAL","comp_flag_DJF-SNOW-NORMAL","years_DJF-SNOW-NORMAL","ANN-PRCP-AVGNDS-GE001HI","meas_flag_ANN-PRCP-AVGNDS-GE001HI","comp_flag_ANN-PRCP-AVGNDS-GE001HI","years_ANN-PRCP-AVGNDS-GE001HI","ANN-PRCP-AVGNDS-GE010HI","meas_flag_ANN-PRCP-AVGNDS-GE010HI","comp_flag_ANN-PRCP-AVGNDS-GE010HI","years_ANN-PRCP-AVGNDS-GE010HI","ANN-PRCP-AVGNDS-GE025HI","meas_flag_ANN-PRCP-AVGNDS-GE025HI","comp_flag_ANN-PRCP-AVGNDS-GE025HI","years_ANN-PRCP-AVGNDS-GE025HI","ANN-PRCP-AVGNDS-GE050HI","meas_flag_ANN-PRCP-AVGNDS-GE050HI","comp_flag_ANN-PRCP-AVGNDS-GE050HI","years_ANN-PRCP-AVGNDS-GE050HI","ANN-PRCP-AVGNDS-GE100HI","meas_flag_ANN-PRCP-AVGNDS-GE100HI","comp_flag_ANN-PRCP-AVGNDS-GE100HI","years_ANN-PRCP-AVGNDS-GE100HI","ANN-PRCP-AVGNDS-GE200HI","meas_flag_ANN-PRCP-AVGNDS-GE200HI","comp_flag_ANN-PRCP-AVGNDS-GE200HI","years_ANN-PRCP-AVGNDS-GE200HI","ANN-PRCP-AVGNDS-GE400HI","meas_flag_ANN-PRCP-AVGNDS-GE400HI","comp_flag_ANN-PRCP-AVGNDS-GE400HI","years_ANN-PRCP-AVGNDS-GE400HI","ANN-PRCP-AVGNDS-GE600HI","meas_flag_ANN-PRCP-AVGNDS-GE600HI","comp_flag_ANN-PRCP-AVGNDS-GE600HI","years_ANN-PRCP-AVGNDS-GE600HI","ANN-SNOW-AVGNDS-GE001TI","meas_flag_ANN-SNOW-AVGNDS-GE001TI","comp_flag_ANN-SNOW-AVGNDS-GE001TI","years_ANN-SNOW-AVGNDS-GE001TI","ANN-SNOW-AVGNDS-GE010TI","meas_flag_ANN-SNOW-AVGNDS-GE010TI","comp_flag_ANN-SNOW-AVGNDS-GE010TI","years_ANN-SNOW-AVGNDS-GE010TI","ANN-SNOW-AVGNDS-GE020TI","meas_flag_ANN-SNOW-AVGNDS-GE020TI","comp_flag_ANN-SNOW-AVGNDS-GE020TI","years_ANN-SNOW-AVGNDS-GE020TI","ANN-SNOW-AVGNDS-GE030TI","meas_flag_ANN-SNOW-AVGNDS-GE030TI","comp_flag_ANN-SNOW-AVGNDS-GE030TI","years_ANN-SNOW-AVGNDS-GE030TI","ANN-SNOW-AVGNDS-GE040TI","meas_flag_ANN-SNOW-AVGNDS-GE040TI","comp_flag_ANN-SNOW-AVGNDS-GE040TI","years_ANN-SNOW-AVGNDS-GE040TI","ANN-SNOW-AVGNDS-GE050TI","meas_flag_ANN-SNOW-AVGNDS-GE050TI","comp_flag_ANN-SNOW-AVGNDS-GE050TI","years_ANN-SNOW-AVGNDS-GE050TI","ANN-SNOW-AVGNDS-GE100TI","meas_flag_ANN-SNOW-AVGNDS-GE100TI","comp_flag_ANN-SNOW-AVGNDS-GE100TI","years_ANN-SNOW-AVGNDS-GE100TI","ANN-SNOW-AVGNDS-GE200TI","meas_flag_ANN-SNOW-AVGNDS-GE200TI","comp_flag_ANN-SNOW-AVGNDS-GE200TI","years_ANN-SNOW-AVGNDS-GE200TI","ANN-SNWD-AVGNDS-GE001WI","meas_flag_ANN-SNWD-AVGNDS-GE001WI","comp_flag_ANN-SNWD-AVGNDS-GE001WI","years_ANN-SNWD-AVGNDS-GE001WI","ANN-SNWD-AVGNDS-GE002WI","meas_flag_ANN-SNWD-AVGNDS-GE002WI","comp_flag_ANN-SNWD-AVGNDS-GE002WI","years_ANN-SNWD-AVGNDS-GE002WI","ANN-SNWD-AVGNDS-GE003WI","meas_flag_ANN-SNWD-AVGNDS-GE003WI","comp_flag_ANN-SNWD-AVGNDS-GE003WI","years_ANN-SNWD-AVGNDS-GE003WI","ANN-SNWD-AVGNDS-GE004WI","meas_flag_ANN-SNWD-AVGNDS-GE004WI","comp_flag_ANN-SNWD-AVGNDS-GE004WI","years_ANN-SNWD-AVGNDS-GE004WI","ANN-SNWD-AVGNDS-GE005WI","meas_flag_ANN-SNWD-AVGNDS-GE005WI","comp_flag_ANN-SNWD-AVGNDS-GE005WI","years_ANN-SNWD-AVGNDS-GE005WI","ANN-SNWD-AVGNDS-GE010WI","meas_flag_ANN-SNWD-AVGNDS-GE010WI","comp_flag_ANN-SNWD-AVGNDS-GE010WI","years_ANN-SNWD-AVGNDS-GE010WI","ANN-SNWD-AVGNDS-GE020WI","meas_flag_ANN-SNWD-AVGNDS-GE020WI","comp_flag_ANN-SNWD-AVGNDS-GE020WI","years_ANN-SNWD-AVGNDS-GE020WI","MAM-PRCP-AVGNDS-GE001HI","meas_flag_MAM-PRCP-AVGNDS-GE001HI","comp_flag_MAM-PRCP-AVGNDS-GE001HI","years_MAM-PRCP-AVGNDS-GE001HI","MAM-PRCP-AVGNDS-GE010HI","meas_flag_MAM-PRCP-AVGNDS-GE010HI","comp_flag_MAM-PRCP-AVGNDS-GE010HI","years_MAM-PRCP-AVGNDS-GE010HI","MAM-PRCP-AVGNDS-GE025HI","meas_flag_MAM-PRCP-AVGNDS-GE025HI","comp_flag_MAM-PRCP-AVGNDS-GE025HI","years_MAM-PRCP-AVGNDS-GE025HI","MAM-PRCP-AVGNDS-GE050HI","meas_flag_MAM-PRCP-AVGNDS-GE050HI","comp_flag_MAM-PRCP-AVGNDS-GE050HI","years_MAM-PRCP-AVGNDS-GE050HI","MAM-PRCP-AVGNDS-GE100HI","meas_flag_MAM-PRCP-AVGNDS-GE100HI","comp_flag_MAM-PRCP-AVGNDS-GE100HI","years_MAM-PRCP-AVGNDS-GE100HI","MAM-PRCP-AVGNDS-GE200HI","meas_flag_MAM-PRCP-AVGNDS-GE200HI","comp_flag_MAM-PRCP-AVGNDS-GE200HI","years_MAM-PRCP-AVGNDS-GE200HI","MAM-PRCP-AVGNDS-GE400HI","meas_flag_MAM-PRCP-AVGNDS-GE400HI","comp_flag_MAM-PRCP-AVGNDS-GE400HI","years_MAM-PRCP-AVGNDS-GE400HI","MAM-PRCP-AVGNDS-GE600HI","meas_flag_MAM-PRCP-AVGNDS-GE600HI","comp_flag_MAM-PRCP-AVGNDS-GE600HI","years_MAM-PRCP-AVGNDS-GE600HI","MAM-SNOW-AVGNDS-GE001TI","meas_flag_MAM-SNOW-AVGNDS-GE001TI","comp_flag_MAM-SNOW-AVGNDS-GE001TI","years_MAM-SNOW-AVGNDS-GE001TI","MAM-SNOW-AVGNDS-GE010TI","meas_flag_MAM-SNOW-AVGNDS-GE010TI","comp_flag_MAM-SNOW-AVGNDS-GE010TI","years_MAM-SNOW-AVGNDS-GE010TI","MAM-SNOW-AVGNDS-GE020TI","meas_flag_MAM-SNOW-AVGNDS-GE020TI","comp_flag_MAM-SNOW-AVGNDS-GE020TI","years_MAM-SNOW-AVGNDS-GE020TI","MAM-SNOW-AVGNDS-GE030TI","meas_flag_MAM-SNOW-AVGNDS-GE030TI","comp_flag_MAM-SNOW-AVGNDS-GE030TI","years_MAM-SNOW-AVGNDS-GE030TI","MAM-SNOW-AVGNDS-GE040TI","meas_flag_MAM-SNOW-AVGNDS-GE040TI","comp_flag_MAM-SNOW-AVGNDS-GE040TI","years_MAM-SNOW-AVGNDS-GE040TI","MAM-SNOW-AVGNDS-GE050TI","meas_flag_MAM-SNOW-AVGNDS-GE050TI","comp_flag_MAM-SNOW-AVGNDS-GE050TI","years_MAM-SNOW-AVGNDS-GE050TI","MAM-SNOW-AVGNDS-GE100TI","meas_flag_MAM-SNOW-AVGNDS-GE100TI","comp_flag_MAM-SNOW-AVGNDS-GE100TI","years_MAM-SNOW-AVGNDS-GE100TI","MAM-SNOW-AVGNDS-GE200TI","meas_flag_MAM-SNOW-AVGNDS-GE200TI","comp_flag_MAM-SNOW-AVGNDS-GE200TI","years_MAM-SNOW-AVGNDS-GE200TI","MAM-SNWD-AVGNDS-GE001WI","meas_flag_MAM-SNWD-AVGNDS-GE001WI","comp_flag_MAM-SNWD-AVGNDS-GE001WI","years_MAM-SNWD-AVGNDS-GE001WI","MAM-SNWD-AVGNDS-GE002WI","meas_flag_MAM-SNWD-AVGNDS-GE002WI","comp_flag_MAM-SNWD-AVGNDS-GE002WI","years_MAM-SNWD-AVGNDS-GE002WI","MAM-SNWD-AVGNDS-GE003WI","meas_flag_MAM-SNWD-AVGNDS-GE003WI","comp_flag_MAM-SNWD-AVGNDS-GE003WI","years_MAM-SNWD-AVGNDS-GE003WI","MAM-SNWD-AVGNDS-GE004WI","meas_flag_MAM-SNWD-AVGNDS-GE004WI","comp_flag_MAM-SNWD-AVGNDS-GE004WI","years_MAM-SNWD-AVGNDS-GE004WI","MAM-SNWD-AVGNDS-GE005WI","meas_flag_MAM-SNWD-AVGNDS-GE005WI","comp_flag_MAM-SNWD-AVGNDS-GE005WI","years_MAM-SNWD-AVGNDS-GE005WI","MAM-SNWD-AVGNDS-GE010WI","meas_flag_MAM-SNWD-AVGNDS-GE010WI","comp_flag_MAM-SNWD-AVGNDS-GE010WI","years_MAM-SNWD-AVGNDS-GE010WI","MAM-SNWD-AVGNDS-GE020WI","meas_flag_MAM-SNWD-AVGNDS-GE020WI","comp_flag_MAM-SNWD-AVGNDS-GE020WI","years_MAM-SNWD-AVGNDS-GE020WI","JJA-PRCP-AVGNDS-GE001HI","meas_flag_JJA-PRCP-AVGNDS-GE001HI","comp_flag_JJA-PRCP-AVGNDS-GE001HI","years_JJA-PRCP-AVGNDS-GE001HI","JJA-PRCP-AVGNDS-GE010HI","meas_flag_JJA-PRCP-AVGNDS-GE010HI","comp_flag_JJA-PRCP-AVGNDS-GE010HI","years_JJA-PRCP-AVGNDS-GE010HI","JJA-PRCP-AVGNDS-GE025HI","meas_flag_JJA-PRCP-AVGNDS-GE025HI","comp_flag_JJA-PRCP-AVGNDS-GE025HI","years_JJA-PRCP-AVGNDS-GE025HI","JJA-PRCP-AVGNDS-GE050HI","meas_flag_JJA-PRCP-AVGNDS-GE050HI","comp_flag_JJA-PRCP-AVGNDS-GE050HI","years_JJA-PRCP-AVGNDS-GE050HI","JJA-PRCP-AVGNDS-GE100HI","meas_flag_JJA-PRCP-AVGNDS-GE100HI","comp_flag_JJA-PRCP-AVGNDS-GE100HI","years_JJA-PRCP-AVGNDS-GE100HI","JJA-PRCP-AVGNDS-GE200HI","meas_flag_JJA-PRCP-AVGNDS-GE200HI","comp_flag_JJA-PRCP-AVGNDS-GE200HI","years_JJA-PRCP-AVGNDS-GE200HI","JJA-PRCP-AVGNDS-GE400HI","meas_flag_JJA-PRCP-AVGNDS-GE400HI","comp_flag_JJA-PRCP-AVGNDS-GE400HI","years_JJA-PRCP-AVGNDS-GE400HI","JJA-PRCP-AVGNDS-GE600HI","meas_flag_JJA-PRCP-AVGNDS-GE600HI","comp_flag_JJA-PRCP-AVGNDS-GE600HI","years_JJA-PRCP-AVGNDS-GE600HI","JJA-SNOW-AVGNDS-GE001TI","meas_flag_JJA-SNOW-AVGNDS-GE001TI","comp_flag_JJA-SNOW-AVGNDS-GE001TI","years_JJA-SNOW-AVGNDS-GE001TI","JJA-SNOW-AVGNDS-GE010TI","meas_flag_JJA-SNOW-AVGNDS-GE010TI","comp_flag_JJA-SNOW-AVGNDS-GE010TI","years_JJA-SNOW-AVGNDS-GE010TI","JJA-SNOW-AVGNDS-GE020TI","meas_flag_JJA-SNOW-AVGNDS-GE020TI","comp_flag_JJA-SNOW-AVGNDS-GE020TI","years_JJA-SNOW-AVGNDS-GE020TI","JJA-SNOW-AVGNDS-GE030TI","meas_flag_JJA-SNOW-AVGNDS-GE030TI","comp_flag_JJA-SNOW-AVGNDS-GE030TI","years_JJA-SNOW-AVGNDS-GE030TI","JJA-SNOW-AVGNDS-GE040TI","meas_flag_JJA-SNOW-AVGNDS-GE040TI","comp_flag_JJA-SNOW-AVGNDS-GE040TI","years_JJA-SNOW-AVGNDS-GE040TI","JJA-SNOW-AVGNDS-GE050TI","meas_flag_JJA-SNOW-AVGNDS-GE050TI","comp_flag_JJA-SNOW-AVGNDS-GE050TI","years_JJA-SNOW-AVGNDS-GE050TI","JJA-SNOW-AVGNDS-GE100TI","meas_flag_JJA-SNOW-AVGNDS-GE100TI","comp_flag_JJA-SNOW-AVGNDS-GE100TI","years_JJA-SNOW-AVGNDS-GE100TI","JJA-SNOW-AVGNDS-GE200TI","meas_flag_JJA-SNOW-AVGNDS-GE200TI","comp_flag_JJA-SNOW-AVGNDS-GE200TI","years_JJA-SNOW-AVGNDS-GE200TI","JJA-SNWD-AVGNDS-GE001WI","meas_flag_JJA-SNWD-AVGNDS-GE001WI","comp_flag_JJA-SNWD-AVGNDS-GE001WI","years_JJA-SNWD-AVGNDS-GE001WI","JJA-SNWD-AVGNDS-GE002WI","meas_flag_JJA-SNWD-AVGNDS-GE002WI","comp_flag_JJA-SNWD-AVGNDS-GE002WI","years_JJA-SNWD-AVGNDS-GE002WI","JJA-SNWD-AVGNDS-GE003WI","meas_flag_JJA-SNWD-AVGNDS-GE003WI","comp_flag_JJA-SNWD-AVGNDS-GE003WI","years_JJA-SNWD-AVGNDS-GE003WI","JJA-SNWD-AVGNDS-GE004WI","meas_flag_JJA-SNWD-AVGNDS-GE004WI","comp_flag_JJA-SNWD-AVGNDS-GE004WI","years_JJA-SNWD-AVGNDS-GE004WI","JJA-SNWD-AVGNDS-GE005WI","meas_flag_JJA-SNWD-AVGNDS-GE005WI","comp_flag_JJA-SNWD-AVGNDS-GE005WI","years_JJA-SNWD-AVGNDS-GE005WI","JJA-SNWD-AVGNDS-GE010WI","meas_flag_JJA-SNWD-AVGNDS-GE010WI","comp_flag_JJA-SNWD-AVGNDS-GE010WI","years_JJA-SNWD-AVGNDS-GE010WI","JJA-SNWD-AVGNDS-GE020WI","meas_flag_JJA-SNWD-AVGNDS-GE020WI","comp_flag_JJA-SNWD-AVGNDS-GE020WI","years_JJA-SNWD-AVGNDS-GE020WI","SON-PRCP-AVGNDS-GE001HI","meas_flag_SON-PRCP-AVGNDS-GE001HI","comp_flag_SON-PRCP-AVGNDS-GE001HI","years_SON-PRCP-AVGNDS-GE001HI","SON-PRCP-AVGNDS-GE010HI","meas_flag_SON-PRCP-AVGNDS-GE010HI","comp_flag_SON-PRCP-AVGNDS-GE010HI","years_SON-PRCP-AVGNDS-GE010HI","SON-PRCP-AVGNDS-GE025HI","meas_flag_SON-PRCP-AVGNDS-GE025HI","comp_flag_SON-PRCP-AVGNDS-GE025HI","years_SON-PRCP-AVGNDS-GE025HI","SON-PRCP-AVGNDS-GE050HI","meas_flag_SON-PRCP-AVGNDS-GE050HI","comp_flag_SON-PRCP-AVGNDS-GE050HI","years_SON-PRCP-AVGNDS-GE050HI","SON-PRCP-AVGNDS-GE100HI","meas_flag_SON-PRCP-AVGNDS-GE100HI","comp_flag_SON-PRCP-AVGNDS-GE100HI","years_SON-PRCP-AVGNDS-GE100HI","SON-PRCP-AVGNDS-GE200HI","meas_flag_SON-PRCP-AVGNDS-GE200HI","comp_flag_SON-PRCP-AVGNDS-GE200HI","years_SON-PRCP-AVGNDS-GE200HI","SON-PRCP-AVGNDS-GE400HI","meas_flag_SON-PRCP-AVGNDS-GE400HI","comp_flag_SON-PRCP-AVGNDS-GE400HI","years_SON-PRCP-AVGNDS-GE400HI","SON-PRCP-AVGNDS-GE600HI","meas_flag_SON-PRCP-AVGNDS-GE600HI","comp_flag_SON-PRCP-AVGNDS-GE600HI","years_SON-PRCP-AVGNDS-GE600HI","SON-SNOW-AVGNDS-GE001TI","meas_flag_SON-SNOW-AVGNDS-GE001TI","comp_flag_SON-SNOW-AVGNDS-GE001TI","years_SON-SNOW-AVGNDS-GE001TI","SON-SNOW-AVGNDS-GE010TI","meas_flag_SON-SNOW-AVGNDS-GE010TI","comp_flag_SON-SNOW-AVGNDS-GE010TI","years_SON-SNOW-AVGNDS-GE010TI","SON-SNOW-AVGNDS-GE020TI","meas_flag_SON-SNOW-AVGNDS-GE020TI","comp_flag_SON-SNOW-AVGNDS-GE020TI","years_SON-SNOW-AVGNDS-GE020TI","SON-SNOW-AVGNDS-GE030TI","meas_flag_SON-SNOW-AVGNDS-GE030TI","comp_flag_SON-SNOW-AVGNDS-GE030TI","years_SON-SNOW-AVGNDS-GE030TI","SON-SNOW-AVGNDS-GE040TI","meas_flag_SON-SNOW-AVGNDS-GE040TI","comp_flag_SON-SNOW-AVGNDS-GE040TI","years_SON-SNOW-AVGNDS-GE040TI","SON-SNOW-AVGNDS-GE050TI","meas_flag_SON-SNOW-AVGNDS-GE050TI","comp_flag_SON-SNOW-AVGNDS-GE050TI","years_SON-SNOW-AVGNDS-GE050TI","SON-SNOW-AVGNDS-GE100TI","meas_flag_SON-SNOW-AVGNDS-GE100TI","comp_flag_SON-SNOW-AVGNDS-GE100TI","years_SON-SNOW-AVGNDS-GE100TI","SON-SNOW-AVGNDS-GE200TI","meas_flag_SON-SNOW-AVGNDS-GE200TI","comp_flag_SON-SNOW-AVGNDS-GE200TI","years_SON-SNOW-AVGNDS-GE200TI","SON-SNWD-AVGNDS-GE001WI","meas_flag_SON-SNWD-AVGNDS-GE001WI","comp_flag_SON-SNWD-AVGNDS-GE001WI","years_SON-SNWD-AVGNDS-GE001WI","SON-SNWD-AVGNDS-GE002WI","meas_flag_SON-SNWD-AVGNDS-GE002WI","comp_flag_SON-SNWD-AVGNDS-GE002WI","years_SON-SNWD-AVGNDS-GE002WI","SON-SNWD-AVGNDS-GE003WI","meas_flag_SON-SNWD-AVGNDS-GE003WI","comp_flag_SON-SNWD-AVGNDS-GE003WI","years_SON-SNWD-AVGNDS-GE003WI","SON-SNWD-AVGNDS-GE004WI","meas_flag_SON-SNWD-AVGNDS-GE004WI","comp_flag_SON-SNWD-AVGNDS-GE004WI","years_SON-SNWD-AVGNDS-GE004WI","SON-SNWD-AVGNDS-GE005WI","meas_flag_SON-SNWD-AVGNDS-GE005WI","comp_flag_SON-SNWD-AVGNDS-GE005WI","years_SON-SNWD-AVGNDS-GE005WI","SON-SNWD-AVGNDS-GE010WI","meas_flag_SON-SNWD-AVGNDS-GE010WI","comp_flag_SON-SNWD-AVGNDS-GE010WI","years_SON-SNWD-AVGNDS-GE010WI","SON-SNWD-AVGNDS-GE020WI","meas_flag_SON-SNWD-AVGNDS-GE020WI","comp_flag_SON-SNWD-AVGNDS-GE020WI","years_SON-SNWD-AVGNDS-GE020WI","DJF-PRCP-AVGNDS-GE001HI","meas_flag_DJF-PRCP-AVGNDS-GE001HI","comp_flag_DJF-PRCP-AVGNDS-GE001HI","years_DJF-PRCP-AVGNDS-GE001HI","DJF-PRCP-AVGNDS-GE010HI","meas_flag_DJF-PRCP-AVGNDS-GE010HI","comp_flag_DJF-PRCP-AVGNDS-GE010HI","years_DJF-PRCP-AVGNDS-GE010HI","DJF-PRCP-AVGNDS-GE025HI","meas_flag_DJF-PRCP-AVGNDS-GE025HI","comp_flag_DJF-PRCP-AVGNDS-GE025HI","years_DJF-PRCP-AVGNDS-GE025HI","DJF-PRCP-AVGNDS-GE050HI","meas_flag_DJF-PRCP-AVGNDS-GE050HI","comp_flag_DJF-PRCP-AVGNDS-GE050HI","years_DJF-PRCP-AVGNDS-GE050HI","DJF-PRCP-AVGNDS-GE100HI","meas_flag_DJF-PRCP-AVGNDS-GE100HI","comp_flag_DJF-PRCP-AVGNDS-GE100HI","years_DJF-PRCP-AVGNDS-GE100HI","DJF-PRCP-AVGNDS-GE200HI","meas_flag_DJF-PRCP-AVGNDS-GE200HI","comp_flag_DJF-PRCP-AVGNDS-GE200HI","years_DJF-PRCP-AVGNDS-GE200HI","DJF-PRCP-AVGNDS-GE400HI","meas_flag_DJF-PRCP-AVGNDS-GE400HI","comp_flag_DJF-PRCP-AVGNDS-GE400HI","years_DJF-PRCP-AVGNDS-GE400HI","DJF-PRCP-AVGNDS-GE600HI","meas_flag_DJF-PRCP-AVGNDS-GE600HI","comp_flag_DJF-PRCP-AVGNDS-GE600HI","years_DJF-PRCP-AVGNDS-GE600HI","DJF-SNOW-AVGNDS-GE001TI","meas_flag_DJF-SNOW-AVGNDS-GE001TI","comp_flag_DJF-SNOW-AVGNDS-GE001TI","years_DJF-SNOW-AVGNDS-GE001TI","DJF-SNOW-AVGNDS-GE010TI","meas_flag_DJF-SNOW-AVGNDS-GE010TI","comp_flag_DJF-SNOW-AVGNDS-GE010TI","years_DJF-SNOW-AVGNDS-GE010TI","DJF-SNOW-AVGNDS-GE020TI","meas_flag_DJF-SNOW-AVGNDS-GE020TI","comp_flag_DJF-SNOW-AVGNDS-GE020TI","years_DJF-SNOW-AVGNDS-GE020TI","DJF-SNOW-AVGNDS-GE030TI","meas_flag_DJF-SNOW-AVGNDS-GE030TI","comp_flag_DJF-SNOW-AVGNDS-GE030TI","years_DJF-SNOW-AVGNDS-GE030TI","DJF-SNOW-AVGNDS-GE040TI","meas_flag_DJF-SNOW-AVGNDS-GE040TI","comp_flag_DJF-SNOW-AVGNDS-GE040TI","years_DJF-SNOW-AVGNDS-GE040TI","DJF-SNOW-AVGNDS-GE050TI","meas_flag_DJF-SNOW-AVGNDS-GE050TI","comp_flag_DJF-SNOW-AVGNDS-GE050TI","years_DJF-SNOW-AVGNDS-GE050TI","DJF-SNOW-AVGNDS-GE100TI","meas_flag_DJF-SNOW-AVGNDS-GE100TI","comp_flag_DJF-SNOW-AVGNDS-GE100TI","years_DJF-SNOW-AVGNDS-GE100TI","DJF-SNOW-AVGNDS-GE200TI","meas_flag_DJF-SNOW-AVGNDS-GE200TI","comp_flag_DJF-SNOW-AVGNDS-GE200TI","years_DJF-SNOW-AVGNDS-GE200TI","DJF-SNWD-AVGNDS-GE001WI","meas_flag_DJF-SNWD-AVGNDS-GE001WI","comp_flag_DJF-SNWD-AVGNDS-GE001WI","years_DJF-SNWD-AVGNDS-GE001WI","DJF-SNWD-AVGNDS-GE002WI","meas_flag_DJF-SNWD-AVGNDS-GE002WI","comp_flag_DJF-SNWD-AVGNDS-GE002WI","years_DJF-SNWD-AVGNDS-GE002WI","DJF-SNWD-AVGNDS-GE003WI","meas_flag_DJF-SNWD-AVGNDS-GE003WI","comp_flag_DJF-SNWD-AVGNDS-GE003WI","years_DJF-SNWD-AVGNDS-GE003WI","DJF-SNWD-AVGNDS-GE004WI","meas_flag_DJF-SNWD-AVGNDS-GE004WI","comp_flag_DJF-SNWD-AVGNDS-GE004WI","years_DJF-SNWD-AVGNDS-GE004WI","DJF-SNWD-AVGNDS-GE005WI","meas_flag_DJF-SNWD-AVGNDS-GE005WI","comp_flag_DJF-SNWD-AVGNDS-GE005WI","years_DJF-SNWD-AVGNDS-GE005WI","DJF-SNWD-AVGNDS-GE010WI","meas_flag_DJF-SNWD-AVGNDS-GE010WI","comp_flag_DJF-SNWD-AVGNDS-GE010WI","years_DJF-SNWD-AVGNDS-GE010WI","DJF-SNWD-AVGNDS-GE020WI","meas_flag_DJF-SNWD-AVGNDS-GE020WI","comp_flag_DJF-SNWD-AVGNDS-GE020WI","years_DJF-SNWD-AVGNDS-GE020WI"
"USC00398472"," 42.9917"," -97.8703"," 432.8","TYNDALL, SD US","99","99","99","    47.3"," ","S","28","    36.0"," ","S","28","    58.6"," ","S","29","    22.6"," ","S","28","    19.4"," ","S","28","    43.4"," ","S","28","    83.6"," ","S","28","   156.7"," ","S","28","   198.5"," ","S","28","   244.4"," ","S","28","   304.0"," ","S","28","   356.6"," ","S","28","   312.0"," ","S","29","   277.8"," ","S","29","   235.2"," ","S","29","   191.7"," ","S","29","   147.7"," ","S","29","    93.1"," ","S","29","    25.7"," ","S","29","     1.8"," ","S","29","    56.6"," ","S","29","  7255.8"," ","S","28","  2250.2"," ","S","28","  3010.8"," ","S","28","  3888.7"," ","S","28","  4887.0"," ","S","28","  5321.6"," ","S","28","  6009.5"," ","S","28","   833.4"," ","S","28","  4952.8"," ","S","28","  3888.5"," ","S","28","  2941.4"," ","S","28","  2114.7"," ","S","28","  1819.3"," ","S","28","  1412.1"," ","S","28","   398.2"," ","S","28","   273.7"," ","S","28","   833.4"," ","S","28","  4952.8"," ","S","28","  3888.5"," ","S","28","  2941.4"," ","S","28","  2114.7"," ","S","28","  1819.3"," ","S","28","  1412.1"," ","S","28","   398.2"," ","S","28","   273.7"," ","S","28","  7255.8"," ","S","28","  6009.5"," ","S","28","    46.4"," ","S","28","    34.8"," ","S","28","    58.0"," ","S","29","    23.2"," ","S","28","     1.1"," ","S","28","     3.9"," ","S","28","    11.8"," ","S","28","    36.2"," ","S","28","    56.6"," ","S","28","    77.8"," ","S","28","    89.9"," ","S","28","    92.0"," ","S","28","    86.0"," ","S","29","    78.0"," ","S","29","    64.7"," ","S","29","    46.8"," ","S","29","    26.0"," ","S","29","     9.5"," ","S","29","     1.3"," ","S","29","     0.0","X","S","29","     6.6"," ","S","29","  1757.2"," ","S","28","   312.8"," ","S","28","   485.0"," ","S","28","   716.9"," ","S","28","  1010.5"," ","S","28","  1144.7"," ","S","28","  1361.1"," ","S","28","    46.0"," ","S","28","   901.5"," ","S","28","   613.9"," ","S","28","   385.7"," ","S","28","   219.3"," ","S","28","   169.5"," ","S","28","   109.9"," ","S","28","    14.2"," ","S","28","     7.6"," ","S","28","    46.0"," ","S","28","   901.5"," ","S","28","   613.9"," ","S","28","   385.7"," ","S","28","   219.3"," ","S","28","   169.5"," ","S","28","   109.9"," ","S","28","    14.2"," ","S","28","     7.6"," ","S","28","  1757.2"," ","S","28","  1361.1"," ","S","28","    71.9"," ","S","29","    60.5"," ","S","29","    83.3"," ","S","30","    22.8"," ","S","29","     0.0"," ","S","29","     0.0"," ","S","29","     0.0"," ","S","29","     0.0"," ","S","29","     0.1"," ","S","29","     4.9"," ","S","29","    38.7"," ","S","29","    84.0"," ","S","29","    92.0"," ","S","30","    92.0"," ","S","30","    92.0"," ","S","30","    91.3"," ","S","30","    87.3"," ","S","30","    67.9"," ","S","30","    20.9"," ","S","30","     1.8"," ","S","30","     0.0"," ","S","30","    60.2"," ","S","29","     0.0"," ","S","29","     0.0","X","S","29","     0.5"," ","S","29","     3.4"," ","S","29","     6.7"," ","S","29","    16.5"," ","S","29","   695.5"," ","S","29","  2935.1"," ","S","29","  2474.9"," ","S","29","  2015.5"," ","S","29","  1558.6"," ","S","29","  1378.0"," ","S","29","  1111.7"," ","S","29","   349.3"," ","S","29","   245.0"," ","S","29","   695.5"," ","S","29","  2935.1"," ","S","29","  2474.9"," ","S","29","  2015.5"," ","S","29","  1558.6"," ","S","29","  1378.0"," ","S","29","  1111.7"," ","S","29","   349.3"," ","S","29","   245.0"," ","S","29","    60.2"," ","S","29","    16.5"," ","S","29","    49.1"," ","S","28","    37.0"," ","S","28","    61.2"," ","S","30","    24.2"," ","S","28","     0.4"," ","S","28","     2.9"," ","S","28","    10.7"," ","S","28","    32.5"," ","S","28","    51.9"," ","S","28","    71.7"," ","S","28","    85.4"," ","S","28","    90.7"," ","S","28","    85.4"," ","S","30","    79.5"," ","S","30","    67.9"," ","S","30","    51.7"," ","S","30","    34.2"," ","S","30","    15.7"," ","S","30","     3.5"," ","S","30","     0.0","X","S","30","     6.4"," ","S","30","  1538.9"," ","S","28","   266.7"," ","S","28","   420.8"," ","S","28","   620.7"," ","S","28","   873.4"," ","S","28","   990.6"," ","S","28","  1182.5"," ","S","28","    91.9"," ","S","28","  1094.7"," ","S","28","   793.8"," ","S","28","   538.8"," ","S","28","   336.5"," ","S","28","   271.7"," ","S","28","   190.5"," ","S","28","    34.8"," ","S","28","    21.1"," ","S","28","    91.9"," ","S","28","  1094.7"," ","S","28","   793.8"," ","S","28","   538.8"," ","S","28","   336.5"," ","S","28","   271.7"," ","S","28","   190.5"," ","S","28","    34.8"," ","S","28","    21.1"," ","S","28","  1538.9"," ","S","28","  1182.5"," ","S","28","    21.7"," ","S","28","    11.5"," ","S","28","    31.9"," ","S","29","    20.3"," ","S","28","    17.8"," ","S","28","    36.6"," ","S","28","    61.2"," ","S","28","    88.0"," ","S","28","    89.9"," ","S","28","    90.0"," ","S","28","    90.0"," ","S","28","    90.0"," ","S","28","    48.6"," ","S","29","    28.4"," ","S","29","    10.6"," ","S","29","     2.0"," ","S","29","     0.2"," ","S","29","     0.0"," ","S","29","     0.0"," ","S","29","     0.0"," ","S","29","    43.5"," ","S","29","  3899.5"," ","S","28","  1670.7"," ","S","28","  2105.0"," ","S","28","  2550.7"," ","S","28","  2999.8"," ","S","28","  3179.6"," ","S","28","  3449.3"," ","S","28","     0.0"," ","S","28","    21.5"," ","S","28","     5.8"," ","S","28","     1.4"," ","S","28","     0.2"," ","S","28","     0.1"," ","S","28","     0.0","X","S","28","     0.0"," ","S","28","     0.0"," ","S","28","     0.0"," ","S","28","    21.5"," ","S","28","     5.8"," ","S","28","     1.4"," ","S","28","     0.2"," ","S","28","     0.1"," ","S","28","     0.0","X","S","28","     0.0"," ","S","28","     0.0"," ","S","28","  3899.5"," ","S","28","  3449.3"," ","S","28","   100.0"," ","S","29","   100.0"," ","S","29","   100.0"," ","S","29","   100.0"," ","S","29","   100.0"," ","S","29","   100.0"," ","S","29","   10/30"," ","S","29","   11/03"," ","S","29","   11/07"," ","S","29","   11/09"," ","S","29","   11/12"," ","S","29","   11/15"," ","S","29","   11/18"," ","S","29","   11/22"," ","S","29","   11/27"," ","S","29","   10/22"," ","S","29","   10/26"," ","S","29","   10/29"," ","S","29","   11/01"," ","S","29","   11/04"," ","S","29","   11/06"," ","S","29","   11/09"," ","S","29","   11/13"," ","S","29","   11/17"," ","S","29","   10/13"," ","S","29","   10/18"," ","S","29","   10/21"," ","S","29","   10/24"," ","S","29","   10/26"," ","S","29","   10/29"," ","S","29","   11/01"," ","S","29","   11/04"," ","S","29","   11/09"," ","S","29","   10/01"," ","S","29","   10/06"," ","S","29","   10/10"," ","S","29","   10/14"," ","S","29","   10/17"," ","S","29","   10/20"," ","S","29","   10/22"," ","S","29","   10/25"," ","S","29","   10/29"," ","S","29","   09/24"," ","S","29","   09/28"," ","S","29","   10/01"," ","S","29","   10/04"," ","S","29","   10/07"," ","S","29","   10/10"," ","S","29","   10/13"," ","S","29","   10/16"," ","S","29","   10/20"," ","S","29","   09/17"," ","S","29","   09/21"," ","S","29","   09/24"," ","S","29","   09/27"," ","S","29","   09/30"," ","S","29","   10/01"," ","S","29","   10/04"," ","S","29","   10/08"," ","S","29","   10/12"," ","S","29","   04/10"," ","S","29","   04/05"," ","S","29","   04/02"," ","S","29","   03/31"," ","S","29","   03/26"," ","S","29","   03/22"," ","S","29","   03/18"," ","S","29","   03/13"," ","S","29","   03/09"," ","S","29","   04/18"," ","S","29","   04/13"," ","S","29","   04/09"," ","S","29","   04/05"," ","S","29","   04/03"," ","S","29","   04/01"," ","S","29","   03/29"," ","S","29","   03/22"," ","S","29","   03/17"," ","S","29","   04/26"," ","S","29","   04/21"," ","S","29","   04/17"," ","S","29","   04/14"," ","S","29","   04/10"," ","S","29","   04/08"," ","S","29","   04/05"," ","S","29","   04/03"," ","S","29","   03/30"," ","S","29","   05/04"," ","S","29","   04/30"," ","S","29","   04/27"," ","S","29","   04/24"," ","S","29","   04/21"," ","S","29","   04/18"," ","S","29","   04/15"," ","S","29","   04/12"," ","S","29","   04/07"," ","S","29","   05/14"," ","S","29","   05/09"," ","S","29","   05/06"," ","S","29","   05/03"," ","S","29","   05/01"," ","S","29","   04/29"," ","S","29","   04/26"," ","S","29","   04/23"," ","S","29","   04/18"," ","S","29","   05/22"," ","S","29","   05/18"," ","S","29","   05/15"," ","S","29","   05/12"," ","S","29","   05/10"," ","S","29","   05/07"," ","S","29","   05/05"," ","S","29","   05/02"," ","S","29","   04/29"," ","S","29","   252.0"," ","S","29","   246.0"," ","S","29","   239.0"," ","S","29","   234.0"," ","S","29","   230.0"," ","S","29","   226.0"," ","S","29","   221.0"," ","S","29","   215.0"," ","S","29","   209.0"," ","S","29","   236.0"," ","S","29","   228.0"," ","S","29","   223.0"," ","S","29","   218.0"," ","S","29","   214.0"," ","S","29","   210.0"," ","S","29","   206.0"," ","S","29","   201.0"," ","S","29","   194.0"," ","S","29","   217.0"," ","S","29","   211.0"," ","S","29","   206.0"," ","S","29","   202.0"," ","S","29","   197.0"," ","S","29","   193.0"," ","S","29","   189.0"," ","S","29","   184.0"," ","S","29","   177.0"," ","S","29","   196.0"," ","S","29","   190.0"," ","S","29","   185.0"," ","S","29","   181.0"," ","S","29","   177.0"," ","S","29","   173.0"," ","S","29","   169.0"," ","S","29","   164.0"," ","S","29","   157.0"," ","S","29","   176.0"," ","S","29","   170.0"," ","S","29","   165.0"," ","S","29","   161.0"," ","S","29","   158.0"," ","S","29","   154.0"," ","S","29","   151.0"," ","S","29","   146.0"," ","S","29","   139.0"," ","S","29","   157.0"," ","S","29","   152.0"," ","S","29","   147.0"," ","S","29","   144.0"," ","S","29","   140.0"," ","S","29","   137.0"," ","S","29","   134.0"," ","S","29","   129.0"," ","S","29","   123.0"," ","S","29","   26.24"," ","S","27","    8.17"," ","S","29","    9.99"," ","S","29","    5.92"," ","S","29","    2.16"," ","S","27","    36.6"," ","P","18","     9.6"," ","S","25","     0.0"," ","S","28","     5.8"," ","P","20","    21.2"," ","P","18","    88.4"," ","S","30","    52.2"," ","S","30","    31.8"," ","S","30","    16.2"," ","S","30","     5.8"," ","S","30","     1.0"," ","S","30","     0.0","X","S","30","     0.0"," ","S","30","    18.1"," ","S","27","    10.3"," ","S","27","     6.4"," ","S","27","     4.5"," ","S","27","     2.8"," ","S","27","     1.6"," ","S","27","     0.2"," ","S","27","     0.0"," ","S","27","    55.6"," ","P","19","    43.7"," ","P","19","    35.7"," ","P","19","    28.1"," ","P","19","    21.4"," ","P","19","     6.3"," ","P","19","     0.2"," ","P","19","    26.8"," ","S","30","    17.2"," ","S","30","    11.0"," ","S","30","     5.3"," ","S","30","     1.4"," ","S","30","     0.2"," ","S","30","     0.0"," ","S","30","     0.0"," ","S","30","     4.2"," ","S","28","     2.8"," ","S","28","     1.8"," ","S","28","     1.3"," ","S","28","     0.7"," ","S","28","     0.4"," ","S","28","     0.0","X","S","28","     0.0"," ","S","28","     7.8"," ","P","22","     5.9"," ","P","22","     4.6"," ","P","22","     3.7"," ","P","22","     3.0"," ","P","22","     0.6"," ","P","22","     0.0"," ","P","22","    26.9"," ","S","30","    17.9"," ","S","30","    11.3"," ","S","30","     6.5"," ","S","30","     2.8"," ","S","30","     0.6"," ","S","30","     0.0"," ","S","30","     0.0"," ","S","30","     0.0"," ","S","28","     0.0"," ","S","28","     0.0"," ","S","28","     0.0"," ","S","28","     0.0"," ","S","28","     0.0"," ","S","28","     0.0"," ","S","28","     0.0"," ","S","28","     0.0"," ","S","28","     0.0"," ","S","28","     0.0"," ","S","28","     0.0"," ","S","28","     0.0"," ","S","28","     0.0"," ","S","28","     0.0"," ","S","28","    18.6"," ","S","30","    11.0"," ","S","30","     6.7"," ","S","30","     3.7"," ","S","30","     1.4"," ","S","30","     0.2"," ","S","30","     0.0","X","S","30","     0.0"," ","S","30","     2.2"," ","S","27","     1.4"," ","S","27","     1.0"," ","S","27","     0.6"," ","S","27","     0.5"," ","S","27","     0.3"," ","S","27","     0.0"," ","S","27","     0.0"," ","S","27","     3.1"," ","P","23","     2.0"," ","P","23","     1.6"," ","P","23","     1.2"," ","P","23","     0.6"," ","P","23","     0.2"," ","P","23","     0.0"," ","P","23","    16.1"," ","S","30","     6.1"," ","S","30","     2.8"," ","S","30","     0.7"," ","S","30","     0.2"," ","S","30","     0.0"," ","S","30","     0.0"," ","S","30","     0.0"," ","S","30","    11.7"," ","S","30","     6.1"," ","S","30","     3.6"," ","S","30","     2.6"," ","S","30","     1.6"," ","S","30","     0.9"," ","S","30","     0.2"," ","S","30","     0.0"," ","S","30","    44.7"," ","P","19","    35.8"," ","P","19","    29.5"," ","P","19","    23.2"," ","P","19","    17.8"," ","P","19","     5.5"," ","P","19","     0.2"," ","P","19"
