"STATION","LATITUDE","LONGITUDE","ELEVATION","NAME","month","day","hour","ANN-TAVG-NORMAL","meas_flag_ANN-TAVG-NORMAL","comp_flag_ANN-TAVG-NORMAL","years_ANN-TAVG-NORMAL","ANN-TMIN-NORMAL","meas_flag_ANN-TMIN-NORMAL","comp_flag_ANN-TMIN-NORMAL","years_ANN-TMIN-NORMAL","ANN-TMAX-NORMAL","meas_flag_ANN-TMAX-NORMAL","comp_flag_ANN-TMAX-NORMAL","years_ANN-TMAX-NORMAL","ANN-DUTR-NORMAL","meas_flag_ANN-DUTR-NORMAL","comp_flag_ANN-DUTR-NORMAL","years_ANN-DUTR-NORMAL","ANN-TMIN-AVGNDS-LSTH000","meas_flag_ANN-TMIN-AVGNDS-LSTH000","comp_flag_ANN-TMIN-AVGNDS-LSTH000","years_ANN-TMIN-AVGNDS-LSTH000","ANN-TMIN-AVGNDS-LSTH010","meas_flag_ANN-TMIN-AVGNDS-LSTH010","comp_flag_ANN-TMIN-AVGNDS-LSTH010","years_ANN-TMIN-AVGNDS-LSTH010","ANN-TMIN-AVGNDS-LSTH020","meas_flag_ANN-TMIN-AVGNDS-LSTH020","comp_flag_ANN-TMIN-AVGNDS-LSTH020","years_ANN-TMIN-AVGNDS-LSTH020","ANN-TMIN-AVGNDS-LSTH032","meas_flag_ANN-TMIN-AVGNDS-LSTH032","comp_flag_ANN-TMIN-AVGNDS-LSTH032","years_ANN-TMIN-AVGNDS-LSTH032","ANN-TMIN-AVGNDS-LSTH040","meas_flag_ANN-TMIN-AVGNDS-LSTH040","comp_flag_ANN-TMIN-AVGNDS-LSTH040","years_ANN-TMIN-AVGNDS-LSTH040","ANN-TMIN-AVGNDS-LSTH050","meas_flag_ANN-TMIN-AVGNDS-LSTH050","comp_flag_ANN-TMIN-AVGNDS-LSTH050","years_ANN-TMIN-AVGNDS-LSTH050","ANN-TMIN-AVGNDS-LSTH060","meas_flag_ANN-TMIN-AVGNDS-LSTH060","comp_flag_ANN-TMIN-AVGNDS-LSTH060","years_ANN-TMIN-AVGNDS-LSTH060","ANN-TMIN-AVGNDS-LSTH070","meas_flag_ANN-TMIN-AVGNDS-LSTH070","comp_flag_ANN-TMIN-AVGNDS-LSTH070","years_ANN-TMIN-AVGNDS-LSTH070","ANN-TMAX-AVGNDS-GRTH032","meas_flag_ANN-TMAX-AVGNDS-GRTH032","comp_flag_ANN-TMAX-AVGNDS-GRTH032","years_ANN-TMAX-AVGNDS-GRTH032","ANN-TMAX-AVGNDS-GRTH040","meas_flag_ANN-TMAX-AVGNDS-GRTH040","comp_flag_ANN-TMAX-AVGNDS-GRTH040","years_ANN-TMAX-AVGNDS-GRTH040","ANN-TMAX-AVGNDS-GRTH050","meas_flag_ANN-TMAX-AVGNDS-GRTH050","comp_flag_ANN-TMAX-AVGNDS-GRTH050","years_ANN-TMAX-AVGNDS-GRTH050","ANN-TMAX-AVGNDS-GRTH060","meas_flag_ANN-TMAX-AVGNDS-GRTH060","comp_flag_ANN-TMAX-AVGNDS-GRTH060","years_ANN-TMAX-AVGNDS-GRTH060","ANN-TMAX-AVGNDS-GRTH070","meas_flag_ANN-TMAX-AVGNDS-GRTH070","comp_flag_ANN-TMAX-AVGNDS-GRTH070","years_ANN-TMAX-AVGNDS-GRTH070","ANN-TMAX-AVGNDS-GRTH080","meas_flag_ANN-TMAX-AVGNDS-GRTH080","comp_flag_ANN-TMAX-AVGNDS-GRTH080","years_ANN-TMAX-AVGNDS-GRTH080","ANN-TMAX-AVGNDS-GRTH090","meas_flag_ANN-TMAX-AVGNDS-GRTH090","comp_flag_ANN-TMAX-AVGNDS-GRTH090","years_ANN-TMAX-AVGNDS-GRTH090","ANN-TMAX-AVGNDS-GRTH100","meas_flag_ANN-TMAX-AVGNDS-GRTH100","comp_flag_ANN-TMAX-AVGNDS-GRTH100","years_ANN-TMAX-AVGNDS-GRTH100","ANN-TMAX-AVGNDS-LSTH032","meas_flag_ANN-TMAX-AVGNDS-LSTH032","comp_flag_ANN-TMAX-AVGNDS-LSTH032","years_ANN-TMAX-AVGNDS-LSTH032","ANN-HTDD-NORMAL","meas_flag_ANN-HTDD-NORMAL","comp_flag_ANN-HTDD-NORMAL","years_ANN-HTDD-NORMAL","ANN-HTDD-BASE40","meas_flag_ANN-HTDD-BASE40","comp_flag_ANN-HTDD-BASE40","years_ANN-HTDD-BASE40","ANN-HTDD-BASE45","meas_flag_ANN-HTDD-BASE45","comp_flag_ANN-HTDD-BASE45","years_ANN-HTDD-BASE45","ANN-HTDD-BASE50","meas_flag_ANN-HTDD-BASE50","comp_flag_ANN-HTDD-BASE50","years_ANN-HTDD-BASE50","ANN-HTDD-BASE55","meas_flag_ANN-HTDD-BASE55","comp_flag_ANN-HTDD-BASE55","years_ANN-HTDD-BASE55","ANN-HTDD-BASE57","meas_flag_ANN-HTDD-BASE57","comp_flag_ANN-HTDD-BASE57","years_ANN-HTDD-BASE57","ANN-HTDD-BASE60","meas_flag_ANN-HTDD-BASE60","comp_flag_ANN-HTDD-BASE60","years_ANN-HTDD-BASE60","ANN-CLDD-NORMAL","meas_flag_ANN-CLDD-NORMAL","comp_flag_ANN-CLDD-NORMAL","years_ANN-CLDD-NORMAL","ANN-CLDD-BASE40","meas_flag_ANN-CLDD-BASE40","comp_flag_ANN-CLDD-BASE40","years_ANN-CLDD-BASE40","ANN-CLDD-BASE45","meas_flag_ANN-CLDD-BASE45","comp_flag_ANN-CLDD-BASE45","years_ANN-CLDD-BASE45","ANN-CLDD-BASE50","meas_flag_ANN-CLDD-BASE50","comp_flag_ANN-CLDD-BASE50","years_ANN-CLDD-BASE50","ANN-CLDD-BASE55","meas_flag_ANN-CLDD-BASE55","comp_flag_ANN-CLDD-BASE55","years_ANN-CLDD-BASE55","ANN-CLDD-BASE57","meas_flag_ANN-CLDD-BASE57","comp_flag_ANN-CLDD-BASE57","years_ANN-CLDD-BASE57","ANN-CLDD-BASE60","meas_flag_ANN-CLDD-BASE60","comp_flag_ANN-CLDD-BASE60","years_ANN-CLDD-BASE60","ANN-CLDD-BASE70","meas_flag_ANN-CLDD-BASE70","comp_flag_ANN-CLDD-BASE70","years_ANN-CLDD-BASE70","ANN-CLDD-BASE72","meas_flag_ANN-CLDD-BASE72","comp_flag_ANN-CLDD-BASE72","years_ANN-CLDD-BASE72","ANN-GRDD-BASE65","meas_flag_ANN-GRDD-BASE65","comp_flag_ANN-GRDD-BASE65","years_ANN-GRDD-BASE65","ANN-GRDD-BASE40","meas_flag_ANN-GRDD-BASE40","comp_flag_ANN-GRDD-BASE40","years_ANN-GRDD-BASE40","ANN-GRDD-BASE45","meas_flag_ANN-GRDD-BASE45","comp_flag_ANN-GRDD-BASE45","years_ANN-GRDD-BASE45","ANN-GRDD-BASE50","meas_flag_ANN-GRDD-BASE50","comp_flag_ANN-GRDD-BASE50","years_ANN-GRDD-BASE50","ANN-GRDD-BASE55","meas_flag_ANN-GRDD-BASE55","comp_flag_ANN-GRDD-BASE55","years_ANN-GRDD-BASE55","ANN-GRDD-BASE57","meas_flag_ANN-GRDD-BASE57","comp_flag_ANN-GRDD-BASE57","years_ANN-GRDD-BASE57","ANN-GRDD-BASE60","meas_flag_ANN-GRDD-BASE60","comp_flag_ANN-GRDD-BASE60","years_ANN-GRDD-BASE60","ANN-GRDD-BASE70","meas_flag_ANN-GRDD-BASE70","comp_flag_ANN-GRDD-BASE70","years_ANN-GRDD-BASE70","ANN-GRDD-BASE72","meas_flag_ANN-GRDD-BASE72","comp_flag_ANN-GRDD-BASE72","years_ANN-GRDD-BASE72","ANN-GRDD-TB4886","meas_flag_ANN-GRDD-TB4886","comp_flag_ANN-GRDD-TB4886","years_ANN-GRDD-TB4886","ANN-GRDD-TB5086","meas_flag_ANN-GRDD-TB5086","comp_flag_ANN-GRDD-TB5086","years_ANN-GRDD-TB5086","MAM-TAVG-NORMAL","meas_flag_MAM-TAVG-NORMAL","comp_flag_MAM-TAVG-NORMAL","years_MAM-TAVG-NORMAL","MAM-TMIN-NORMAL","meas_flag_MAM-TMIN-NORMAL","comp_flag_MAM-TMIN-NORMAL","years_MAM-TMIN-NORMAL","MAM-TMAX-NORMAL","meas_flag_MAM-TMAX-NORMAL","comp_flag_MAM-TMAX-NORMAL","years_MAM-TMAX-NORMAL","MAM-DUTR-NORMAL","meas_flag_MAM-DUTR-NORMAL","comp_flag_MAM-DUTR-NORMAL","years_MAM-DUTR-NORMAL","MAM-TMIN-AVGNDS-LSTH000","meas_flag_MAM-TMIN-AVGNDS-LSTH000","comp_flag_MAM-TMIN-AVGNDS-LSTH000","years_MAM-TMIN-AVGNDS-LSTH000","MAM-TMIN-AVGNDS-LSTH010","meas_flag_MAM-TMIN-AVGNDS-LSTH010","comp_flag_MAM-TMIN-AVGNDS-LSTH010","years_MAM-TMIN-AVGNDS-LSTH010","MAM-TMIN-AVGNDS-LSTH020","meas_flag_MAM-TMIN-AVGNDS-LSTH020","comp_flag_MAM-TMIN-AVGNDS-LSTH020","years_MAM-TMIN-AVGNDS-LSTH020","MAM-TMIN-AVGNDS-LSTH032","meas_flag_MAM-TMIN-AVGNDS-LSTH032","comp_flag_MAM-TMIN-AVGNDS-LSTH032","years_MAM-TMIN-AVGNDS-LSTH032","MAM-TMIN-AVGNDS-LSTH040","meas_flag_MAM-TMIN-AVGNDS-LSTH040","comp_flag_MAM-TMIN-AVGNDS-LSTH040","years_MAM-TMIN-AVGNDS-LSTH040","MAM-TMIN-AVGNDS-LSTH050","meas_flag_MAM-TMIN-AVGNDS-LSTH050","comp_flag_MAM-TMIN-AVGNDS-LSTH050","years_MAM-TMIN-AVGNDS-LSTH050","MAM-TMIN-AVGNDS-LSTH060","meas_flag_MAM-TMIN-AVGNDS-LSTH060","comp_flag_MAM-TMIN-AVGNDS-LSTH060","years_MAM-TMIN-AVGNDS-LSTH060","MAM-TMIN-AVGNDS-LSTH070","meas_flag_MAM-TMIN-AVGNDS-LSTH070","comp_flag_MAM-TMIN-AVGNDS-LSTH070","years_MAM-TMIN-AVGNDS-LSTH070","MAM-TMAX-AVGNDS-GRTH032","meas_flag_MAM-TMAX-AVGNDS-GRTH032","comp_flag_MAM-TMAX-AVGNDS-GRTH032","years_MAM-TMAX-AVGNDS-GRTH032","MAM-TMAX-AVGNDS-GRTH040","meas_flag_MAM-TMAX-AVGNDS-GRTH040","comp_flag_MAM-TMAX-AVGNDS-GRTH040","years_MAM-TMAX-AVGNDS-GRTH040","MAM-TMAX-AVGNDS-GRTH050","meas_flag_MAM-TMAX-AVGNDS-GRTH050","comp_flag_MAM-TMAX-AVGNDS-GRTH050","years_MAM-TMAX-AVGNDS-GRTH050","MAM-TMAX-AVGNDS-GRTH060","meas_flag_MAM-TMAX-AVGNDS-GRTH060","comp_flag_MAM-TMAX-AVGNDS-GRTH060","years_MAM-TMAX-AVGNDS-GRTH060","MAM-TMAX-AVGNDS-GRTH070","meas_flag_MAM-TMAX-AVGNDS-GRTH070","comp_flag_MAM-TMAX-AVGNDS-GRTH070","years_MAM-TMAX-AVGNDS-GRTH070","MAM-TMAX-AVGNDS-GRTH080","meas_flag_MAM-TMAX-AVGNDS-GRTH080","comp_flag_MAM-TMAX-AVGNDS-GRTH080","years_MAM-TMAX-AVGNDS-GRTH080","MAM-TMAX-AVGNDS-GRTH090","meas_flag_MAM-TMAX-AVGNDS-GRTH090","comp_flag_MAM-TMAX-AVGNDS-GRTH090","years_MAM-TMAX-AVGNDS-GRTH090","MAM-TMAX-AVGNDS-GRTH100","meas_flag_MAM-TMAX-AVGNDS-GRTH100","comp_flag_MAM-TMAX-AVGNDS-GRTH100","years_MAM-TMAX-AVGNDS-GRTH100","MAM-TMAX-AVGNDS-LSTH032","meas_flag_MAM-TMAX-AVGNDS-LSTH032","comp_flag_MAM-TMAX-AVGNDS-LSTH032","years_MAM-TMAX-AVGNDS-LSTH032","MAM-HTDD-NORMAL","meas_flag_MAM-HTDD-NORMAL","comp_flag_MAM-HTDD-NORMAL","years_MAM-HTDD-NORMAL","MAM-HTDD-BASE40","meas_flag_MAM-HTDD-BASE40","comp_flag_MAM-HTDD-BASE40","years_MAM-HTDD-BASE40","MAM-HTDD-BASE45","meas_flag_MAM-HTDD-BASE45","comp_flag_MAM-HTDD-BASE45","years_MAM-HTDD-BASE45","MAM-HTDD-BASE50","meas_flag_MAM-HTDD-BASE50","comp_flag_MAM-HTDD-BASE50","years_MAM-HTDD-BASE50","MAM-HTDD-BASE55","meas_flag_MAM-HTDD-BASE55","comp_flag_MAM-HTDD-BASE55","years_MAM-HTDD-BASE55","MAM-HTDD-BASE57","meas_flag_MAM-HTDD-BASE57","comp_flag_MAM-HTDD-BASE57","years_MAM-HTDD-BASE57","MAM-HTDD-BASE60","meas_flag_MAM-HTDD-BASE60","comp_flag_MAM-HTDD-BASE60","years_MAM-HTDD-BASE60","MAM-CLDD-NORMAL","meas_flag_MAM-CLDD-NORMAL","comp_flag_MAM-CLDD-NORMAL","years_MAM-CLDD-NORMAL","MAM-CLDD-BASE40","meas_flag_MAM-CLDD-BASE40","comp_flag_MAM-CLDD-BASE40","years_MAM-CLDD-BASE40","MAM-CLDD-BASE45","meas_flag_MAM-CLDD-BASE45","comp_flag_MAM-CLDD-BASE45","years_MAM-CLDD-BASE45","MAM-CLDD-BASE50","meas_flag_MAM-CLDD-BASE50","comp_flag_MAM-CLDD-BASE50","years_MAM-CLDD-BASE50","MAM-CLDD-BASE55","meas_flag_MAM-CLDD-BASE55","comp_flag_MAM-CLDD-BASE55","years_MAM-CLDD-BASE55","MAM-CLDD-BASE57","meas_flag_MAM-CLDD-BASE57","comp_flag_MAM-CLDD-BASE57","years_MAM-CLDD-BASE57","MAM-CLDD-BASE60","meas_flag_MAM-CLDD-BASE60","comp_flag_MAM-CLDD-BASE60","years_MAM-CLDD-BASE60","MAM-CLDD-BASE70","meas_flag_MAM-CLDD-BASE70","comp_flag_MAM-CLDD-BASE70","years_MAM-CLDD-BASE70","MAM-CLDD-BASE72","meas_flag_MAM-CLDD-BASE72","comp_flag_MAM-CLDD-BASE72","years_MAM-CLDD-BASE72","MAM-GRDD-BASE65","meas_flag_MAM-GRDD-BASE65","comp_flag_MAM-GRDD-BASE65","years_MAM-GRDD-BASE65","MAM-GRDD-BASE40","meas_flag_MAM-GRDD-BASE40","comp_flag_MAM-GRDD-BASE40","years_MAM-GRDD-BASE40","MAM-GRDD-BASE45","meas_flag_MAM-GRDD-BASE45","comp_flag_MAM-GRDD-BASE45","years_MAM-GRDD-BASE45","MAM-GRDD-BASE50","meas_flag_MAM-GRDD-BASE50","comp_flag_MAM-GRDD-BASE50","years_MAM-GRDD-BASE50","MAM-GRDD-BASE55","meas_flag_MAM-GRDD-BASE55","comp_flag_MAM-GRDD-BASE55","years_MAM-GRDD-BASE55","MAM-GRDD-BASE57","meas_flag_MAM-GRDD-BASE57","comp_flag_MAM-GRDD-BASE57","years_MAM-GRDD-BASE57","MAM-GRDD-BASE60","meas_flag_MAM-GRDD-BASE60","comp_flag_MAM-GRDD-BASE60","years_MAM-GRDD-BASE60","MAM-GRDD-BASE70","meas_flag_MAM-GRDD-BASE70","comp_flag_MAM-GRDD-BASE70","years_MAM-GRDD-BASE70","MAM-GRDD-BASE72","meas_flag_MAM-GRDD-BASE72","comp_flag_MAM-GRDD-BASE72","years_MAM-GRDD-BASE72","MAM-GRDD-TB4886","meas_flag_MAM-GRDD-TB4886","comp_flag_MAM-GRDD-TB4886","years_MAM-GRDD-TB4886","MAM-GRDD-TB5086","meas_flag_MAM-GRDD-TB5086","comp_flag_MAM-GRDD-TB5086","years_MAM-GRDD-TB5086","JJA-TAVG-NORMAL","meas_flag_JJA-TAVG-NORMAL","comp_flag_JJA-TAVG-NORMAL","years_JJA-TAVG-NORMAL","JJA-TMIN-NORMAL","meas_flag_JJA-TMIN-NORMAL","comp_flag_JJA-TMIN-NORMAL","years_JJA-TMIN-NORMAL","JJA-TMAX-NORMAL","meas_flag_JJA-TMAX-NORMAL","comp_flag_JJA-TMAX-NORMAL","years_JJA-TMAX-NORMAL","JJA-DUTR-NORMAL","meas_flag_JJA-DUTR-NORMAL","comp_flag_JJA-DUTR-NORMAL","years_JJA-DUTR-NORMAL","JJA-TMIN-AVGNDS-LSTH000","meas_flag_JJA-TMIN-AVGNDS-LSTH000","comp_flag_JJA-TMIN-AVGNDS-LSTH000","years_JJA-TMIN-AVGNDS-LSTH000","JJA-TMIN-AVGNDS-LSTH010","meas_flag_JJA-TMIN-AVGNDS-LSTH010","comp_flag_JJA-TMIN-AVGNDS-LSTH010","years_JJA-TMIN-AVGNDS-LSTH010","JJA-TMIN-AVGNDS-LSTH020","meas_flag_JJA-TMIN-AVGNDS-LSTH020","comp_flag_JJA-TMIN-AVGNDS-LSTH020","years_JJA-TMIN-AVGNDS-LSTH020","JJA-TMIN-AVGNDS-LSTH032","meas_flag_JJA-TMIN-AVGNDS-LSTH032","comp_flag_JJA-TMIN-AVGNDS-LSTH032","years_JJA-TMIN-AVGNDS-LSTH032","JJA-TMIN-AVGNDS-LSTH040","meas_flag_JJA-TMIN-AVGNDS-LSTH040","comp_flag_JJA-TMIN-AVGNDS-LSTH040","years_JJA-TMIN-AVGNDS-LSTH040","JJA-TMIN-AVGNDS-LSTH050","meas_flag_JJA-TMIN-AVGNDS-LSTH050","comp_flag_JJA-TMIN-AVGNDS-LSTH050","years_JJA-TMIN-AVGNDS-LSTH050","JJA-TMIN-AVGNDS-LSTH060","meas_flag_JJA-TMIN-AVGNDS-LSTH060","comp_flag_JJA-TMIN-AVGNDS-LSTH060","years_JJA-TMIN-AVGNDS-LSTH060","JJA-TMIN-AVGNDS-LSTH070","meas_flag_JJA-TMIN-AVGNDS-LSTH070","comp_flag_JJA-TMIN-AVGNDS-LSTH070","years_JJA-TMIN-AVGNDS-LSTH070","JJA-TMAX-AVGNDS-GRTH032","meas_flag_JJA-TMAX-AVGNDS-GRTH032","comp_flag_JJA-TMAX-AVGNDS-GRTH032","years_JJA-TMAX-AVGNDS-GRTH032","JJA-TMAX-AVGNDS-GRTH040","meas_flag_JJA-TMAX-AVGNDS-GRTH040","comp_flag_JJA-TMAX-AVGNDS-GRTH040","years_JJA-TMAX-AVGNDS-GRTH040","JJA-TMAX-AVGNDS-GRTH050","meas_flag_JJA-TMAX-AVGNDS-GRTH050","comp_flag_JJA-TMAX-AVGNDS-GRTH050","years_JJA-TMAX-AVGNDS-GRTH050","JJA-TMAX-AVGNDS-GRTH060","meas_flag_JJA-TMAX-AVGNDS-GRTH060","comp_flag_JJA-TMAX-AVGNDS-GRTH060","years_JJA-TMAX-AVGNDS-GRTH060","JJA-TMAX-AVGNDS-GRTH070","meas_flag_JJA-TMAX-AVGNDS-GRTH070","comp_flag_JJA-TMAX-AVGNDS-GRTH070","years_JJA-TMAX-AVGNDS-GRTH070","JJA-TMAX-AVGNDS-GRTH080","meas_flag_JJA-TMAX-AVGNDS-GRTH080","comp_flag_JJA-TMAX-AVGNDS-GRTH080","years_JJA-TMAX-AVGNDS-GRTH080","JJA-TMAX-AVGNDS-GRTH090","meas_flag_JJA-TMAX-AVGNDS-GRTH090","comp_flag_JJA-TMAX-AVGNDS-GRTH090","years_JJA-TMAX-AVGNDS-GRTH090","JJA-TMAX-AVGNDS-GRTH100","meas_flag_JJA-TMAX-AVGNDS-GRTH100","comp_flag_JJA-TMAX-AVGNDS-GRTH100","years_JJA-TMAX-AVGNDS-GRTH100","JJA-TMAX-AVGNDS-LSTH032","meas_flag_JJA-TMAX-AVGNDS-LSTH032","comp_flag_JJA-TMAX-AVGNDS-LSTH032","years_JJA-TMAX-AVGNDS-LSTH032","JJA-HTDD-NORMAL","meas_flag_JJA-HTDD-NORMAL","comp_flag_JJA-HTDD-NORMAL","years_JJA-HTDD-NORMAL","JJA-HTDD-BASE40","meas_flag_JJA-HTDD-BASE40","comp_flag_JJA-HTDD-BASE40","years_JJA-HTDD-BASE40","JJA-HTDD-BASE45","meas_flag_JJA-HTDD-BASE45","comp_flag_JJA-HTDD-BASE45","years_JJA-HTDD-BASE45","JJA-HTDD-BASE50","meas_flag_JJA-HTDD-BASE50","comp_flag_JJA-HTDD-BASE50","years_JJA-HTDD-BASE50","JJA-HTDD-BASE55","meas_flag_JJA-HTDD-BASE55","comp_flag_JJA-HTDD-BASE55","years_JJA-HTDD-BASE55","JJA-HTDD-BASE57","meas_flag_JJA-HTDD-BASE57","comp_flag_JJA-HTDD-BASE57","years_JJA-HTDD-BASE57","JJA-HTDD-BASE60","meas_flag_JJA-HTDD-BASE60","comp_flag_JJA-HTDD-BASE60","years_JJA-HTDD-BASE60","JJA-CLDD-NORMAL","meas_flag_JJA-CLDD-NORMAL","comp_flag_JJA-CLDD-NORMAL","years_JJA-CLDD-NORMAL","JJA-CLDD-BASE40","meas_flag_JJA-CLDD-BASE40","comp_flag_JJA-CLDD-BASE40","years_JJA-CLDD-BASE40","JJA-CLDD-BASE45","meas_flag_JJA-CLDD-BASE45","comp_flag_JJA-CLDD-BASE45","years_JJA-CLDD-BASE45","JJA-CLDD-BASE50","meas_flag_JJA-CLDD-BASE50","comp_flag_JJA-CLDD-BASE50","years_JJA-CLDD-BASE50","JJA-CLDD-BASE55","meas_flag_JJA-CLDD-BASE55","comp_flag_JJA-CLDD-BASE55","years_JJA-CLDD-BASE55","JJA-CLDD-BASE57","meas_flag_JJA-CLDD-BASE57","comp_flag_JJA-CLDD-BASE57","years_JJA-CLDD-BASE57","JJA-CLDD-BASE60","meas_flag_JJA-CLDD-BASE60","comp_flag_JJA-CLDD-BASE60","years_JJA-CLDD-BASE60","JJA-CLDD-BASE70","meas_flag_JJA-CLDD-BASE70","comp_flag_JJA-CLDD-BASE70","years_JJA-CLDD-BASE70","JJA-CLDD-BASE72","meas_flag_JJA-CLDD-BASE72","comp_flag_JJA-CLDD-BASE72","years_JJA-CLDD-BASE72","JJA-GRDD-BASE65","meas_flag_JJA-GRDD-BASE65","comp_flag_JJA-GRDD-BASE65","years_JJA-GRDD-BASE65","JJA-GRDD-BASE40","meas_flag_JJA-GRDD-BASE40","comp_flag_JJA-GRDD-BASE40","years_JJA-GRDD-BASE40","JJA-GRDD-BASE45","meas_flag_JJA-GRDD-BASE45","comp_flag_JJA-GRDD-BASE45","years_JJA-GRDD-BASE45","JJA-GRDD-BASE50","meas_flag_JJA-GRDD-BASE50","comp_flag_JJA-GRDD-BASE50","years_JJA-GRDD-BASE50","JJA-GRDD-BASE55","meas_flag_JJA-GRDD-BASE55","comp_flag_JJA-GRDD-BASE55","years_JJA-GRDD-BASE55","JJA-GRDD-BASE57","meas_flag_JJA-GRDD-BASE57","comp_flag_JJA-GRDD-BASE57","years_JJA-GRDD-BASE57","JJA-GRDD-BASE60","meas_flag_JJA-GRDD-BASE60","comp_flag_JJA-GRDD-BASE60","years_JJA-GRDD-BASE60","JJA-GRDD-BASE70","meas_flag_JJA-GRDD-BASE70","comp_flag_JJA-GRDD-BASE70","years_JJA-GRDD-BASE70","JJA-GRDD-BASE72","meas_flag_JJA-GRDD-BASE72","comp_flag_JJA-GRDD-BASE72","years_JJA-GRDD-BASE72","JJA-GRDD-TB4886","meas_flag_JJA-GRDD-TB4886","comp_flag_JJA-GRDD-TB4886","years_JJA-GRDD-TB4886","JJA-GRDD-TB5086","meas_flag_JJA-GRDD-TB5086","comp_flag_JJA-GRDD-TB5086","years_JJA-GRDD-TB5086","SON-TAVG-NORMAL","meas_flag_SON-TAVG-NORMAL","comp_flag_SON-TAVG-NORMAL","years_SON-TAVG-NORMAL","SON-TMIN-NORMAL","meas_flag_SON-TMIN-NORMAL","comp_flag_SON-TMIN-NORMAL","years_SON-TMIN-NORMAL","SON-TMAX-NORMAL","meas_flag_SON-TMAX-NORMAL","comp_flag_SON-TMAX-NORMAL","years_SON-TMAX-NORMAL","SON-DUTR-NORMAL","meas_flag_SON-DUTR-NORMAL","comp_flag_SON-DUTR-NORMAL","years_SON-DUTR-NORMAL","SON-TMIN-AVGNDS-LSTH000","meas_flag_SON-TMIN-AVGNDS-LSTH000","comp_flag_SON-TMIN-AVGNDS-LSTH000","years_SON-TMIN-AVGNDS-LSTH000","SON-TMIN-AVGNDS-LSTH010","meas_flag_SON-TMIN-AVGNDS-LSTH010","comp_flag_SON-TMIN-AVGNDS-LSTH010","years_SON-TMIN-AVGNDS-LSTH010","SON-TMIN-AVGNDS-LSTH020","meas_flag_SON-TMIN-AVGNDS-LSTH020","comp_flag_SON-TMIN-AVGNDS-LSTH020","years_SON-TMIN-AVGNDS-LSTH020","SON-TMIN-AVGNDS-LSTH032","meas_flag_SON-TMIN-AVGNDS-LSTH032","comp_flag_SON-TMIN-AVGNDS-LSTH032","years_SON-TMIN-AVGNDS-LSTH032","SON-TMIN-AVGNDS-LSTH040","meas_flag_SON-TMIN-AVGNDS-LSTH040","comp_flag_SON-TMIN-AVGNDS-LSTH040","years_SON-TMIN-AVGNDS-LSTH040","SON-TMIN-AVGNDS-LSTH050","meas_flag_SON-TMIN-AVGNDS-LSTH050","comp_flag_SON-TMIN-AVGNDS-LSTH050","years_SON-TMIN-AVGNDS-LSTH050","SON-TMIN-AVGNDS-LSTH060","meas_flag_SON-TMIN-AVGNDS-LSTH060","comp_flag_SON-TMIN-AVGNDS-LSTH060","years_SON-TMIN-AVGNDS-LSTH060","SON-TMIN-AVGNDS-LSTH070","meas_flag_SON-TMIN-AVGNDS-LSTH070","comp_flag_SON-TMIN-AVGNDS-LSTH070","years_SON-TMIN-AVGNDS-LSTH070","SON-TMAX-AVGNDS-GRTH032","meas_flag_SON-TMAX-AVGNDS-GRTH032","comp_flag_SON-TMAX-AVGNDS-GRTH032","years_SON-TMAX-AVGNDS-GRTH032","SON-TMAX-AVGNDS-GRTH040","meas_flag_SON-TMAX-AVGNDS-GRTH040","comp_flag_SON-TMAX-AVGNDS-GRTH040","years_SON-TMAX-AVGNDS-GRTH040","SON-TMAX-AVGNDS-GRTH050","meas_flag_SON-TMAX-AVGNDS-GRTH050","comp_flag_SON-TMAX-AVGNDS-GRTH050","years_SON-TMAX-AVGNDS-GRTH050","SON-TMAX-AVGNDS-GRTH060","meas_flag_SON-TMAX-AVGNDS-GRTH060","comp_flag_SON-TMAX-AVGNDS-GRTH060","years_SON-TMAX-AVGNDS-GRTH060","SON-TMAX-AVGNDS-GRTH070","meas_flag_SON-TMAX-AVGNDS-GRTH070","comp_flag_SON-TMAX-AVGNDS-GRTH070","years_SON-TMAX-AVGNDS-GRTH070","SON-TMAX-AVGNDS-GRTH080","meas_flag_SON-TMAX-AVGNDS-GRTH080","comp_flag_SON-TMAX-AVGNDS-GRTH080","years_SON-TMAX-AVGNDS-GRTH080","SON-TMAX-AVGNDS-GRTH090","meas_flag_SON-TMAX-AVGNDS-GRTH090","comp_flag_SON-TMAX-AVGNDS-GRTH090","years_SON-TMAX-AVGNDS-GRTH090","SON-TMAX-AVGNDS-GRTH100","meas_flag_SON-TMAX-AVGNDS-GRTH100","comp_flag_SON-TMAX-AVGNDS-GRTH100","years_SON-TMAX-AVGNDS-GRTH100","SON-TMAX-AVGNDS-LSTH032","meas_flag_SON-TMAX-AVGNDS-LSTH032","comp_flag_SON-TMAX-AVGNDS-LSTH032","years_SON-TMAX-AVGNDS-LSTH032","SON-HTDD-NORMAL","meas_flag_SON-HTDD-NORMAL","comp_flag_SON-HTDD-NORMAL","years_SON-HTDD-NORMAL","SON-HTDD-BASE40","meas_flag_SON-HTDD-BASE40","comp_flag_SON-HTDD-BASE40","years_SON-HTDD-BASE40","SON-HTDD-BASE45","meas_flag_SON-HTDD-BASE45","comp_flag_SON-HTDD-BASE45","years_SON-HTDD-BASE45","SON-HTDD-BASE50","meas_flag_SON-HTDD-BASE50","comp_flag_SON-HTDD-BASE50","years_SON-HTDD-BASE50","SON-HTDD-BASE55","meas_flag_SON-HTDD-BASE55","comp_flag_SON-HTDD-BASE55","years_SON-HTDD-BASE55","SON-HTDD-BASE57","meas_flag_SON-HTDD-BASE57","comp_flag_SON-HTDD-BASE57","years_SON-HTDD-BASE57","SON-HTDD-BASE60","meas_flag_SON-HTDD-BASE60","comp_flag_SON-HTDD-BASE60","years_SON-HTDD-BASE60","SON-CLDD-NORMAL","meas_flag_SON-CLDD-NORMAL","comp_flag_SON-CLDD-NORMAL","years_SON-CLDD-NORMAL","SON-CLDD-BASE40","meas_flag_SON-CLDD-BASE40","comp_flag_SON-CLDD-BASE40","years_SON-CLDD-BASE40","SON-CLDD-BASE45","meas_flag_SON-CLDD-BASE45","comp_flag_SON-CLDD-BASE45","years_SON-CLDD-BASE45","SON-CLDD-BASE50","meas_flag_SON-CLDD-BASE50","comp_flag_SON-CLDD-BASE50","years_SON-CLDD-BASE50","SON-CLDD-BASE55","meas_flag_SON-CLDD-BASE55","comp_flag_SON-CLDD-BASE55","years_SON-CLDD-BASE55","SON-CLDD-BASE57","meas_flag_SON-CLDD-BASE57","comp_flag_SON-CLDD-BASE57","years_SON-CLDD-BASE57","SON-CLDD-BASE60","meas_flag_SON-CLDD-BASE60","comp_flag_SON-CLDD-BASE60","years_SON-CLDD-BASE60","SON-CLDD-BASE70","meas_flag_SON-CLDD-BASE70","comp_flag_SON-CLDD-BASE70","years_SON-CLDD-BASE70","SON-CLDD-BASE72","meas_flag_SON-CLDD-BASE72","comp_flag_SON-CLDD-BASE72","years_SON-CLDD-BASE72","SON-GRDD-BASE65","meas_flag_SON-GRDD-BASE65","comp_flag_SON-GRDD-BASE65","years_SON-GRDD-BASE65","SON-GRDD-BASE40","meas_flag_SON-GRDD-BASE40","comp_flag_SON-GRDD-BASE40","years_SON-GRDD-BASE40","SON-GRDD-BASE45","meas_flag_SON-GRDD-BASE45","comp_flag_SON-GRDD-BASE45","years_SON-GRDD-BASE45","SON-GRDD-BASE50","meas_flag_SON-GRDD-BASE50","comp_flag_SON-GRDD-BASE50","years_SON-GRDD-BASE50","SON-GRDD-BASE55","meas_flag_SON-GRDD-BASE55","comp_flag_SON-GRDD-BASE55","years_SON-GRDD-BASE55","SON-GRDD-BASE57","meas_flag_SON-GRDD-BASE57","comp_flag_SON-GRDD-BASE57","years_SON-GRDD-BASE57","SON-GRDD-BASE60","meas_flag_SON-GRDD-BASE60","comp_flag_SON-GRDD-BASE60","years_SON-GRDD-BASE60","SON-GRDD-BASE70","meas_flag_SON-GRDD-BASE70","comp_flag_SON-GRDD-BASE70","years_SON-GRDD-BASE70","SON-GRDD-BASE72","meas_flag_SON-GRDD-BASE72","comp_flag_SON-GRDD-BASE72","years_SON-GRDD-BASE72","SON-GRDD-TB4886","meas_flag_SON-GRDD-TB4886","comp_flag_SON-GRDD-TB4886","years_SON-GRDD-TB4886","SON-GRDD-TB5086","meas_flag_SON-GRDD-TB5086","comp_flag_SON-GRDD-TB5086","years_SON-GRDD-TB5086","DJF-TAVG-NORMAL","meas_flag_DJF-TAVG-NORMAL","comp_flag_DJF-TAVG-NORMAL","years_DJF-TAVG-NORMAL","DJF-TMIN-NORMAL","meas_flag_DJF-TMIN-NORMAL","comp_flag_DJF-TMIN-NORMAL","years_DJF-TMIN-NORMAL","DJF-TMAX-NORMAL","meas_flag_DJF-TMAX-NORMAL","comp_flag_DJF-TMAX-NORMAL","years_DJF-TMAX-NORMAL","DJF-DUTR-NORMAL","meas_flag_DJF-DUTR-NORMAL","comp_flag_DJF-DUTR-NORMAL","years_DJF-DUTR-NORMAL","DJF-TMIN-AVGNDS-LSTH000","meas_flag_DJF-TMIN-AVGNDS-LSTH000","comp_flag_DJF-TMIN-AVGNDS-LSTH000","years_DJF-TMIN-AVGNDS-LSTH000","DJF-TMIN-AVGNDS-LSTH010","meas_flag_DJF-TMIN-AVGNDS-LSTH010","comp_flag_DJF-TMIN-AVGNDS-LSTH010","years_DJF-TMIN-AVGNDS-LSTH010","DJF-TMIN-AVGNDS-LSTH020","meas_flag_DJF-TMIN-AVGNDS-LSTH020","comp_flag_DJF-TMIN-AVGNDS-LSTH020","years_DJF-TMIN-AVGNDS-LSTH020","DJF-TMIN-AVGNDS-LSTH032","meas_flag_DJF-TMIN-AVGNDS-LSTH032","comp_flag_DJF-TMIN-AVGNDS-LSTH032","years_DJF-TMIN-AVGNDS-LSTH032","DJF-TMIN-AVGNDS-LSTH040","meas_flag_DJF-TMIN-AVGNDS-LSTH040","comp_flag_DJF-TMIN-AVGNDS-LSTH040","years_DJF-TMIN-AVGNDS-LSTH040","DJF-TMIN-AVGNDS-LSTH050","meas_flag_DJF-TMIN-AVGNDS-LSTH050","comp_flag_DJF-TMIN-AVGNDS-LSTH050","years_DJF-TMIN-AVGNDS-LSTH050","DJF-TMIN-AVGNDS-LSTH060","meas_flag_DJF-TMIN-AVGNDS-LSTH060","comp_flag_DJF-TMIN-AVGNDS-LSTH060","years_DJF-TMIN-AVGNDS-LSTH060","DJF-TMIN-AVGNDS-LSTH070","meas_flag_DJF-TMIN-AVGNDS-LSTH070","comp_flag_DJF-TMIN-AVGNDS-LSTH070","years_DJF-TMIN-AVGNDS-LSTH070","DJF-TMAX-AVGNDS-GRTH032","meas_flag_DJF-TMAX-AVGNDS-GRTH032","comp_flag_DJF-TMAX-AVGNDS-GRTH032","years_DJF-TMAX-AVGNDS-GRTH032","DJF-TMAX-AVGNDS-GRTH040","meas_flag_DJF-TMAX-AVGNDS-GRTH040","comp_flag_DJF-TMAX-AVGNDS-GRTH040","years_DJF-TMAX-AVGNDS-GRTH040","DJF-TMAX-AVGNDS-GRTH050","meas_flag_DJF-TMAX-AVGNDS-GRTH050","comp_flag_DJF-TMAX-AVGNDS-GRTH050","years_DJF-TMAX-AVGNDS-GRTH050","DJF-TMAX-AVGNDS-GRTH060","meas_flag_DJF-TMAX-AVGNDS-GRTH060","comp_flag_DJF-TMAX-AVGNDS-GRTH060","years_DJF-TMAX-AVGNDS-GRTH060","DJF-TMAX-AVGNDS-GRTH070","meas_flag_DJF-TMAX-AVGNDS-GRTH070","comp_flag_DJF-TMAX-AVGNDS-GRTH070","years_DJF-TMAX-AVGNDS-GRTH070","DJF-TMAX-AVGNDS-GRTH080","meas_flag_DJF-TMAX-AVGNDS-GRTH080","comp_flag_DJF-TMAX-AVGNDS-GRTH080","years_DJF-TMAX-AVGNDS-GRTH080","DJF-TMAX-AVGNDS-GRTH090","meas_flag_DJF-TMAX-AVGNDS-GRTH090","comp_flag_DJF-TMAX-AVGNDS-GRTH090","years_DJF-TMAX-AVGNDS-GRTH090","DJF-TMAX-AVGNDS-GRTH100","meas_flag_DJF-TMAX-AVGNDS-GRTH100","comp_flag_DJF-TMAX-AVGNDS-GRTH100","years_DJF-TMAX-AVGNDS-GRTH100","DJF-TMAX-AVGNDS-LSTH032","meas_flag_DJF-TMAX-AVGNDS-LSTH032","comp_flag_DJF-TMAX-AVGNDS-LSTH032","years_DJF-TMAX-AVGNDS-LSTH032","DJF-HTDD-NORMAL","meas_flag_DJF-HTDD-NORMAL","comp_flag_DJF-HTDD-NORMAL","years_DJF-HTDD-NORMAL","DJF-HTDD-BASE40","meas_flag_DJF-HTDD-BASE40","comp_flag_DJF-HTDD-BASE40","years_DJF-HTDD-BASE40","DJF-HTDD-BASE45","meas_flag_DJF-HTDD-BASE45","comp_flag_DJF-HTDD-BASE45","years_DJF-HTDD-BASE45","DJF-HTDD-BASE50","meas_flag_DJF-HTDD-BASE50","comp_flag_DJF-HTDD-BASE50","years_DJF-HTDD-BASE50","DJF-HTDD-BASE55","meas_flag_DJF-HTDD-BASE55","comp_flag_DJF-HTDD-BASE55","years_DJF-HTDD-BASE55","DJF-HTDD-BASE57","meas_flag_DJF-HTDD-BASE57","comp_flag_DJF-HTDD-BASE57","years_DJF-HTDD-BASE57","DJF-HTDD-BASE60","meas_flag_DJF-HTDD-BASE60","comp_flag_DJF-HTDD-BASE60","years_DJF-HTDD-BASE60","DJF-CLDD-NORMAL","meas_flag_DJF-CLDD-NORMAL","comp_flag_DJF-CLDD-NORMAL","years_DJF-CLDD-NORMAL","DJF-CLDD-BASE40","meas_flag_DJF-CLDD-BASE40","comp_flag_DJF-CLDD-BASE40","years_DJF-CLDD-BASE40","DJF-CLDD-BASE45","meas_flag_DJF-CLDD-BASE45","comp_flag_DJF-CLDD-BASE45","years_DJF-CLDD-BASE45","DJF-CLDD-BASE50","meas_flag_DJF-CLDD-BASE50","comp_flag_DJF-CLDD-BASE50","years_DJF-CLDD-BASE50","DJF-CLDD-BASE55","meas_flag_DJF-CLDD-BASE55","comp_flag_DJF-CLDD-BASE55","years_DJF-CLDD-BASE55","DJF-CLDD-BASE57","meas_flag_DJF-CLDD-BASE57","comp_flag_DJF-CLDD-BASE57","years_DJF-CLDD-BASE57","DJF-CLDD-BASE60","meas_flag_DJF-CLDD-BASE60","comp_flag_DJF-CLDD-BASE60","years_DJF-CLDD-BASE60","DJF-CLDD-BASE70","meas_flag_DJF-CLDD-BASE70","comp_flag_DJF-CLDD-BASE70","years_DJF-CLDD-BASE70","DJF-CLDD-BASE72","meas_flag_DJF-CLDD-BASE72","comp_flag_DJF-CLDD-BASE72","years_DJF-CLDD-BASE72","DJF-GRDD-BASE65","meas_flag_DJF-GRDD-BASE65","comp_flag_DJF-GRDD-BASE65","years_DJF-GRDD-BASE65","DJF-GRDD-BASE40","meas_flag_DJF-GRDD-BASE40","comp_flag_DJF-GRDD-BASE40","years_DJF-GRDD-BASE40","DJF-GRDD-BASE45","meas_flag_DJF-GRDD-BASE45","comp_flag_DJF-GRDD-BASE45","years_DJF-GRDD-BASE45","DJF-GRDD-BASE50","meas_flag_DJF-GRDD-BASE50","comp_flag_DJF-GRDD-BASE50","years_DJF-GRDD-BASE50","DJF-GRDD-BASE55","meas_flag_DJF-GRDD-BASE55","comp_flag_DJF-GRDD-BASE55","years_DJF-GRDD-BASE55","DJF-GRDD-BASE57","meas_flag_DJF-GRDD-BASE57","comp_flag_DJF-GRDD-BASE57","years_DJF-GRDD-BASE57","DJF-GRDD-BASE60","meas_flag_DJF-GRDD-BASE60","comp_flag_DJF-GRDD-BASE60","years_DJF-GRDD-BASE60","DJF-GRDD-BASE70","meas_flag_DJF-GRDD-BASE70","comp_flag_DJF-GRDD-BASE70","years_DJF-GRDD-BASE70","DJF-GRDD-BASE72","meas_flag_DJF-GRDD-BASE72","comp_flag_DJF-GRDD-BASE72","years_DJF-GRDD-BASE72","DJF-GRDD-TB4886","meas_flag_DJF-GRDD-TB4886","comp_flag_DJF-GRDD-TB4886","years_DJF-GRDD-TB4886","DJF-GRDD-TB5086","meas_flag_DJF-GRDD-TB5086","comp_flag_DJF-GRDD-TB5086","years_DJF-GRDD-TB5086","ANN-TMIN-PRBOCC-LSTH016","meas_flag_ANN-TMIN-PRBOCC-LSTH016","comp_flag_ANN-TMIN-PRBOCC-LSTH016","years_ANN-TMIN-PRBOCC-LSTH016","ANN-TMIN-PRBOCC-LSTH020","meas_flag_ANN-TMIN-PRBOCC-LSTH020","comp_flag_ANN-TMIN-PRBOCC-LSTH020","years_ANN-TMIN-PRBOCC-LSTH020","ANN-TMIN-PRBOCC-LSTH024","meas_flag_ANN-TMIN-PRBOCC-LSTH024","comp_flag_ANN-TMIN-PRBOCC-LSTH024","years_ANN-TMIN-PRBOCC-LSTH024","ANN-TMIN-PRBOCC-LSTH028","meas_flag_ANN-TMIN-PRBOCC-LSTH028","comp_flag_ANN-TMIN-PRBOCC-LSTH028","years_ANN-TMIN-PRBOCC-LSTH028","ANN-TMIN-PRBOCC-LSTH032","meas_flag_ANN-TMIN-PRBOCC-LSTH032","comp_flag_ANN-TMIN-PRBOCC-LSTH032","years_ANN-TMIN-PRBOCC-LSTH032","ANN-TMIN-PRBOCC-LSTH036","meas_flag_ANN-TMIN-PRBOCC-LSTH036","comp_flag_ANN-TMIN-PRBOCC-LSTH036","years_ANN-TMIN-PRBOCC-LSTH036","ANN-TMIN-PRBFST-T16FP10","meas_flag_ANN-TMIN-PRBFST-T16FP10","comp_flag_ANN-TMIN-PRBFST-T16FP10","years_ANN-TMIN-PRBFST-T16FP10","ANN-TMIN-PRBFST-T16FP20","meas_flag_ANN-TMIN-PRBFST-T16FP20","comp_flag_ANN-TMIN-PRBFST-T16FP20","years_ANN-TMIN-PRBFST-T16FP20","ANN-TMIN-PRBFST-T16FP30","meas_flag_ANN-TMIN-PRBFST-T16FP30","comp_flag_ANN-TMIN-PRBFST-T16FP30","years_ANN-TMIN-PRBFST-T16FP30","ANN-TMIN-PRBFST-T16FP40","meas_flag_ANN-TMIN-PRBFST-T16FP40","comp_flag_ANN-TMIN-PRBFST-T16FP40","years_ANN-TMIN-PRBFST-T16FP40","ANN-TMIN-PRBFST-T16FP50","meas_flag_ANN-TMIN-PRBFST-T16FP50","comp_flag_ANN-TMIN-PRBFST-T16FP50","years_ANN-TMIN-PRBFST-T16FP50","ANN-TMIN-PRBFST-T16FP60","meas_flag_ANN-TMIN-PRBFST-T16FP60","comp_flag_ANN-TMIN-PRBFST-T16FP60","years_ANN-TMIN-PRBFST-T16FP60","ANN-TMIN-PRBFST-T16FP70","meas_flag_ANN-TMIN-PRBFST-T16FP70","comp_flag_ANN-TMIN-PRBFST-T16FP70","years_ANN-TMIN-PRBFST-T16FP70","ANN-TMIN-PRBFST-T16FP80","meas_flag_ANN-TMIN-PRBFST-T16FP80","comp_flag_ANN-TMIN-PRBFST-T16FP80","years_ANN-TMIN-PRBFST-T16FP80","ANN-TMIN-PRBFST-T16FP90","meas_flag_ANN-TMIN-PRBFST-T16FP90","comp_flag_ANN-TMIN-PRBFST-T16FP90","years_ANN-TMIN-PRBFST-T16FP90","ANN-TMIN-PRBFST-T20FP10","meas_flag_ANN-TMIN-PRBFST-T20FP10","comp_flag_ANN-TMIN-PRBFST-T20FP10","years_ANN-TMIN-PRBFST-T20FP10","ANN-TMIN-PRBFST-T20FP20","meas_flag_ANN-TMIN-PRBFST-T20FP20","comp_flag_ANN-TMIN-PRBFST-T20FP20","years_ANN-TMIN-PRBFST-T20FP20","ANN-TMIN-PRBFST-T20FP30","meas_flag_ANN-TMIN-PRBFST-T20FP30","comp_flag_ANN-TMIN-PRBFST-T20FP30","years_ANN-TMIN-PRBFST-T20FP30","ANN-TMIN-PRBFST-T20FP40","meas_flag_ANN-TMIN-PRBFST-T20FP40","comp_flag_ANN-TMIN-PRBFST-T20FP40","years_ANN-TMIN-PRBFST-T20FP40","ANN-TMIN-PRBFST-T20FP50","meas_flag_ANN-TMIN-PRBFST-T20FP50","comp_flag_ANN-TMIN-PRBFST-T20FP50","years_ANN-TMIN-PRBFST-T20FP50","ANN-TMIN-PRBFST-T20FP60","meas_flag_ANN-TMIN-PRBFST-T20FP60","comp_flag_ANN-TMIN-PRBFST-T20FP60","years_ANN-TMIN-PRBFST-T20FP60","ANN-TMIN-PRBFST-T20FP70","meas_flag_ANN-TMIN-PRBFST-T20FP70","comp_flag_ANN-TMIN-PRBFST-T20FP70","years_ANN-TMIN-PRBFST-T20FP70","ANN-TMIN-PRBFST-T20FP80","meas_flag_ANN-TMIN-PRBFST-T20FP80","comp_flag_ANN-TMIN-PRBFST-T20FP80","years_ANN-TMIN-PRBFST-T20FP80","ANN-TMIN-PRBFST-T20FP90","meas_flag_ANN-TMIN-PRBFST-T20FP90","comp_flag_ANN-TMIN-PRBFST-T20FP90","years_ANN-TMIN-PRBFST-T20FP90","ANN-TMIN-PRBFST-T24FP10","meas_flag_ANN-TMIN-PRBFST-T24FP10","comp_flag_ANN-TMIN-PRBFST-T24FP10","years_ANN-TMIN-PRBFST-T24FP10","ANN-TMIN-PRBFST-T24FP20","meas_flag_ANN-TMIN-PRBFST-T24FP20","comp_flag_ANN-TMIN-PRBFST-T24FP20","years_ANN-TMIN-PRBFST-T24FP20","ANN-TMIN-PRBFST-T24FP30","meas_flag_ANN-TMIN-PRBFST-T24FP30","comp_flag_ANN-TMIN-PRBFST-T24FP30","years_ANN-TMIN-PRBFST-T24FP30","ANN-TMIN-PRBFST-T24FP40","meas_flag_ANN-TMIN-PRBFST-T24FP40","comp_flag_ANN-TMIN-PRBFST-T24FP40","years_ANN-TMIN-PRBFST-T24FP40","ANN-TMIN-PRBFST-T24FP50","meas_flag_ANN-TMIN-PRBFST-T24FP50","comp_flag_ANN-TMIN-PRBFST-T24FP50","years_ANN-TMIN-PRBFST-T24FP50","ANN-TMIN-PRBFST-T24FP60","meas_flag_ANN-TMIN-PRBFST-T24FP60","comp_flag_ANN-TMIN-PRBFST-T24FP60","years_ANN-TMIN-PRBFST-T24FP60","ANN-TMIN-PRBFST-T24FP70","meas_flag_ANN-TMIN-PRBFST-T24FP70","comp_flag_ANN-TMIN-PRBFST-T24FP70","years_ANN-TMIN-PRBFST-T24FP70","ANN-TMIN-PRBFST-T24FP80","meas_flag_ANN-TMIN-PRBFST-T24FP80","comp_flag_ANN-TMIN-PRBFST-T24FP80","years_ANN-TMIN-PRBFST-T24FP80","ANN-TMIN-PRBFST-T24FP90","meas_flag_ANN-TMIN-PRBFST-T24FP90","comp_flag_ANN-TMIN-PRBFST-T24FP90","years_ANN-TMIN-PRBFST-T24FP90","ANN-TMIN-PRBFST-T28FP10","meas_flag_ANN-TMIN-PRBFST-T28FP10","comp_flag_ANN-TMIN-PRBFST-T28FP10","years_ANN-TMIN-PRBFST-T28FP10","ANN-TMIN-PRBFST-T28FP20","meas_flag_ANN-TMIN-PRBFST-T28FP20","comp_flag_ANN-TMIN-PRBFST-T28FP20","years_ANN-TMIN-PRBFST-T28FP20","ANN-TMIN-PRBFST-T28FP30","meas_flag_ANN-TMIN-PRBFST-T28FP30","comp_flag_ANN-TMIN-PRBFST-T28FP30","years_ANN-TMIN-PRBFST-T28FP30","ANN-TMIN-PRBFST-T28FP40","meas_flag_ANN-TMIN-PRBFST-T28FP40","comp_flag_ANN-TMIN-PRBFST-T28FP40","years_ANN-TMIN-PRBFST-T28FP40","ANN-TMIN-PRBFST-T28FP50","meas_flag_ANN-TMIN-PRBFST-T28FP50","comp_flag_ANN-TMIN-PRBFST-T28FP50","years_ANN-TMIN-PRBFST-T28FP50","ANN-TMIN-PRBFST-T28FP60","meas_flag_ANN-TMIN-PRBFST-T28FP60","comp_flag_ANN-TMIN-PRBFST-T28FP60","years_ANN-TMIN-PRBFST-T28FP60","ANN-TMIN-PRBFST-T28FP70","meas_flag_ANN-TMIN-PRBFST-T28FP70","comp_flag_ANN-TMIN-PRBFST-T28FP70","years_ANN-TMIN-PRBFST-T28FP70","ANN-TMIN-PRBFST-T28FP80","meas_flag_ANN-TMIN-PRBFST-T28FP80","comp_flag_ANN-TMIN-PRBFST-T28FP80","years_ANN-TMIN-PRBFST-T28FP80","ANN-TMIN-PRBFST-T28FP90","meas_flag_ANN-TMIN-PRBFST-T28FP90","comp_flag_ANN-TMIN-PRBFST-T28FP90","years_ANN-TMIN-PRBFST-T28FP90","ANN-TMIN-PRBFST-T32FP10","meas_flag_ANN-TMIN-PRBFST-T32FP10","comp_flag_ANN-TMIN-PRBFST-T32FP10","years_ANN-TMIN-PRBFST-T32FP10","ANN-TMIN-PRBFST-T32FP20","meas_flag_ANN-TMIN-PRBFST-T32FP20","comp_flag_ANN-TMIN-PRBFST-T32FP20","years_ANN-TMIN-PRBFST-T32FP20","ANN-TMIN-PRBFST-T32FP30","meas_flag_ANN-TMIN-PRBFST-T32FP30","comp_flag_ANN-TMIN-PRBFST-T32FP30","years_ANN-TMIN-PRBFST-T32FP30","ANN-TMIN-PRBFST-T32FP40","meas_flag_ANN-TMIN-PRBFST-T32FP40","comp_flag_ANN-TMIN-PRBFST-T32FP40","years_ANN-TMIN-PRBFST-T32FP40","ANN-TMIN-PRBFST-T32FP50","meas_flag_ANN-TMIN-PRBFST-T32FP50","comp_flag_ANN-TMIN-PRBFST-T32FP50","years_ANN-TMIN-PRBFST-T32FP50","ANN-TMIN-PRBFST-T32FP60","meas_flag_ANN-TMIN-PRBFST-T32FP60","comp_flag_ANN-TMIN-PRBFST-T32FP60","years_ANN-TMIN-PRBFST-T32FP60","ANN-TMIN-PRBFST-T32FP70","meas_flag_ANN-TMIN-PRBFST-T32FP70","comp_flag_ANN-TMIN-PRBFST-T32FP70","years_ANN-TMIN-PRBFST-T32FP70","ANN-TMIN-PRBFST-T32FP80","meas_flag_ANN-TMIN-PRBFST-T32FP80","comp_flag_ANN-TMIN-PRBFST-T32FP80","years_ANN-TMIN-PRBFST-T32FP80","ANN-TMIN-PRBFST-T32FP90","meas_flag_ANN-TMIN-PRBFST-T32FP90","comp_flag_ANN-TMIN-PRBFST-T32FP90","years_ANN-TMIN-PRBFST-T32FP90","ANN-TMIN-PRBFST-T36FP10","meas_flag_ANN-TMIN-PRBFST-T36FP10","comp_flag_ANN-TMIN-PRBFST-T36FP10","years_ANN-TMIN-PRBFST-T36FP10","ANN-TMIN-PRBFST-T36FP20","meas_flag_ANN-TMIN-PRBFST-T36FP20","comp_flag_ANN-TMIN-PRBFST-T36FP20","years_ANN-TMIN-PRBFST-T36FP20","ANN-TMIN-PRBFST-T36FP30","meas_flag_ANN-TMIN-PRBFST-T36FP30","comp_flag_ANN-TMIN-PRBFST-T36FP30","years_ANN-TMIN-PRBFST-T36FP30","ANN-TMIN-PRBFST-T36FP40","meas_flag_ANN-TMIN-PRBFST-T36FP40","comp_flag_ANN-TMIN-PRBFST-T36FP40","years_ANN-TMIN-PRBFST-T36FP40","ANN-TMIN-PRBFST-T36FP50","meas_flag_ANN-TMIN-PRBFST-T36FP50","comp_flag_ANN-TMIN-PRBFST-T36FP50","years_ANN-TMIN-PRBFST-T36FP50","ANN-TMIN-PRBFST-T36FP60","meas_flag_ANN-TMIN-PRBFST-T36FP60","comp_flag_ANN-TMIN-PRBFST-T36FP60","years_ANN-TMIN-PRBFST-T36FP60","ANN-TMIN-PRBFST-T36FP70","meas_flag_ANN-TMIN-PRBFST-T36FP70","comp_flag_ANN-TMIN-PRBFST-T36FP70","years_ANN-TMIN-PRBFST-T36FP70","ANN-TMIN-PRBFST-T36FP80","meas_flag_ANN-TMIN-PRBFST-T36FP80","comp_flag_ANN-TMIN-PRBFST-T36FP80","years_ANN-TMIN-PRBFST-T36FP80","ANN-TMIN-PRBFST-T36FP90","meas_flag_ANN-TMIN-PRBFST-T36FP90","comp_flag_ANN-TMIN-PRBFST-T36FP90","years_ANN-TMIN-PRBFST-T36FP90","ANN-TMIN-PRBLST-T16FP10","meas_flag_ANN-TMIN-PRBLST-T16FP10","comp_flag_ANN-TMIN-PRBLST-T16FP10","years_ANN-TMIN-PRBLST-T16FP10","ANN-TMIN-PRBLST-T16FP20","meas_flag_ANN-TMIN-PRBLST-T16FP20","comp_flag_ANN-TMIN-PRBLST-T16FP20","years_ANN-TMIN-PRBLST-T16FP20","ANN-TMIN-PRBLST-T16FP30","meas_flag_ANN-TMIN-PRBLST-T16FP30","comp_flag_ANN-TMIN-PRBLST-T16FP30","years_ANN-TMIN-PRBLST-T16FP30","ANN-TMIN-PRBLST-T16FP40","meas_flag_ANN-TMIN-PRBLST-T16FP40","comp_flag_ANN-TMIN-PRBLST-T16FP40","years_ANN-TMIN-PRBLST-T16FP40","ANN-TMIN-PRBLST-T16FP50","meas_flag_ANN-TMIN-PRBLST-T16FP50","comp_flag_ANN-TMIN-PRBLST-T16FP50","years_ANN-TMIN-PRBLST-T16FP50","ANN-TMIN-PRBLST-T16FP60","meas_flag_ANN-TMIN-PRBLST-T16FP60","comp_flag_ANN-TMIN-PRBLST-T16FP60","years_ANN-TMIN-PRBLST-T16FP60","ANN-TMIN-PRBLST-T16FP70","meas_flag_ANN-TMIN-PRBLST-T16FP70","comp_flag_ANN-TMIN-PRBLST-T16FP70","years_ANN-TMIN-PRBLST-T16FP70","ANN-TMIN-PRBLST-T16FP80","meas_flag_ANN-TMIN-PRBLST-T16FP80","comp_flag_ANN-TMIN-PRBLST-T16FP80","years_ANN-TMIN-PRBLST-T16FP80","ANN-TMIN-PRBLST-T16FP90","meas_flag_ANN-TMIN-PRBLST-T16FP90","comp_flag_ANN-TMIN-PRBLST-T16FP90","years_ANN-TMIN-PRBLST-T16FP90","ANN-TMIN-PRBLST-T20FP10","meas_flag_ANN-TMIN-PRBLST-T20FP10","comp_flag_ANN-TMIN-PRBLST-T20FP10","years_ANN-TMIN-PRBLST-T20FP10","ANN-TMIN-PRBLST-T20FP20","meas_flag_ANN-TMIN-PRBLST-T20FP20","comp_flag_ANN-TMIN-PRBLST-T20FP20","years_ANN-TMIN-PRBLST-T20FP20","ANN-TMIN-PRBLST-T20FP30","meas_flag_ANN-TMIN-PRBLST-T20FP30","comp_flag_ANN-TMIN-PRBLST-T20FP30","years_ANN-TMIN-PRBLST-T20FP30","ANN-TMIN-PRBLST-T20FP40","meas_flag_ANN-TMIN-PRBLST-T20FP40","comp_flag_ANN-TMIN-PRBLST-T20FP40","years_ANN-TMIN-PRBLST-T20FP40","ANN-TMIN-PRBLST-T20FP50","meas_flag_ANN-TMIN-PRBLST-T20FP50","comp_flag_ANN-TMIN-PRBLST-T20FP50","years_ANN-TMIN-PRBLST-T20FP50","ANN-TMIN-PRBLST-T20FP60","meas_flag_ANN-TMIN-PRBLST-T20FP60","comp_flag_ANN-TMIN-PRBLST-T20FP60","years_ANN-TMIN-PRBLST-T20FP60","ANN-TMIN-PRBLST-T20FP70","meas_flag_ANN-TMIN-PRBLST-T20FP70","comp_flag_ANN-TMIN-PRBLST-T20FP70","years_ANN-TMIN-PRBLST-T20FP70","ANN-TMIN-PRBLST-T20FP80","meas_flag_ANN-TMIN-PRBLST-T20FP80","comp_flag_ANN-TMIN-PRBLST-T20FP80","years_ANN-TMIN-PRBLST-T20FP80","ANN-TMIN-PRBLST-T20FP90","meas_flag_ANN-TMIN-PRBLST-T20FP90","comp_flag_ANN-TMIN-PRBLST-T20FP90","years_ANN-TMIN-PRBLST-T20FP90","ANN-TMIN-PRBLST-T24FP10","meas_flag_ANN-TMIN-PRBLST-T24FP10","comp_flag_ANN-TMIN-PRBLST-T24FP10","years_ANN-TMIN-PRBLST-T24FP10","ANN-TMIN-PRBLST-T24FP20","meas_flag_ANN-TMIN-PRBLST-T24FP20","comp_flag_ANN-TMIN-PRBLST-T24FP20","years_ANN-TMIN-PRBLST-T24FP20","ANN-TMIN-PRBLST-T24FP30","meas_flag_ANN-TMIN-PRBLST-T24FP30","comp_flag_ANN-TMIN-PRBLST-T24FP30","years_ANN-TMIN-PRBLST-T24FP30","ANN-TMIN-PRBLST-T24FP40","meas_flag_ANN-TMIN-PRBLST-T24FP40","comp_flag_ANN-TMIN-PRBLST-T24FP40","years_ANN-TMIN-PRBLST-T24FP40","ANN-TMIN-PRBLST-T24FP50","meas_flag_ANN-TMIN-PRBLST-T24FP50","comp_flag_ANN-TMIN-PRBLST-T24FP50","years_ANN-TMIN-PRBLST-T24FP50","ANN-TMIN-PRBLST-T24FP60","meas_flag_ANN-TMIN-PRBLST-T24FP60","comp_flag_ANN-TMIN-PRBLST-T24FP60","years_ANN-TMIN-PRBLST-T24FP60","ANN-TMIN-PRBLST-T24FP70","meas_flag_ANN-TMIN-PRBLST-T24FP70","comp_flag_ANN-TMIN-PRBLST-T24FP70","years_ANN-TMIN-PRBLST-T24FP70","ANN-TMIN-PRBLST-T24FP80","meas_flag_ANN-TMIN-PRBLST-T24FP80","comp_flag_ANN-TMIN-PRBLST-T24FP80","years_ANN-TMIN-PRBLST-T24FP80","ANN-TMIN-PRBLST-T24FP90","meas_flag_ANN-TMIN-PRBLST-T24FP90","comp_flag_ANN-TMIN-PRBLST-T24FP90","years_ANN-TMIN-PRBLST-T24FP90","ANN-TMIN-PRBLST-T28FP10","meas_flag_ANN-TMIN-PRBLST-T28FP10","comp_flag_ANN-TMIN-PRBLST-T28FP10","years_ANN-TMIN-PRBLST-T28FP10","ANN-TMIN-PRBLST-T28FP20","meas_flag_ANN-TMIN-PRBLST-T28FP20","comp_flag_ANN-TMIN-PRBLST-T28FP20","years_ANN-TMIN-PRBLST-T28FP20","ANN-TMIN-PRBLST-T28FP30","meas_flag_ANN-TMIN-PRBLST-T28FP30","comp_flag_ANN-TMIN-PRBLST-T28FP30","years_ANN-TMIN-PRBLST-T28FP30","ANN-TMIN-PRBLST-T28FP40","meas_flag_ANN-TMIN-PRBLST-T28FP40","comp_flag_ANN-TMIN-PRBLST-T28FP40","years_ANN-TMIN-PRBLST-T28FP40","ANN-TMIN-PRBLST-T28FP50","meas_flag_ANN-TMIN-PRBLST-T28FP50","comp_flag_ANN-TMIN-PRBLST-T28FP50","years_ANN-TMIN-PRBLST-T28FP50","ANN-TMIN-PRBLST-T28FP60","meas_flag_ANN-TMIN-PRBLST-T28FP60","comp_flag_ANN-TMIN-PRBLST-T28FP60","years_ANN-TMIN-PRBLST-T28FP60","ANN-TMIN-PRBLST-T28FP70","meas_flag_ANN-TMIN-PRBLST-T28FP70","comp_flag_ANN-TMIN-PRBLST-T28FP70","years_ANN-TMIN-PRBLST-T28FP70","ANN-TMIN-PRBLST-T28FP80","meas_flag_ANN-TMIN-PRBLST-T28FP80","comp_flag_ANN-TMIN-PRBLST-T28FP80","years_ANN-TMIN-PRBLST-T28FP80","ANN-TMIN-PRBLST-T28FP90","meas_flag_ANN-TMIN-PRBLST-T28FP90","comp_flag_ANN-TMIN-PRBLST-T28FP90","years_ANN-TMIN-PRBLST-T28FP90","ANN-TMIN-PRBLST-T32FP10","meas_flag_ANN-TMIN-PRBLST-T32FP10","comp_flag_ANN-TMIN-PRBLST-T32FP10","years_ANN-TMIN-PRBLST-T32FP10","ANN-TMIN-PRBLST-T32FP20","meas_flag_ANN-TMIN-PRBLST-T32FP20","comp_flag_ANN-TMIN-PRBLST-T32FP20","years_ANN-TMIN-PRBLST-T32FP20","ANN-TMIN-PRBLST-T32FP30","meas_flag_ANN-TMIN-PRBLST-T32FP30","comp_flag_ANN-TMIN-PRBLST-T32FP30","years_ANN-TMIN-PRBLST-T32FP30","ANN-TMIN-PRBLST-T32FP40","meas_flag_ANN-TMIN-PRBLST-T32FP40","comp_flag_ANN-TMIN-PRBLST-T32FP40","years_ANN-TMIN-PRBLST-T32FP40","ANN-TMIN-PRBLST-T32FP50","meas_flag_ANN-TMIN-PRBLST-T32FP50","comp_flag_ANN-TMIN-PRBLST-T32FP50","years_ANN-TMIN-PRBLST-T32FP50","ANN-TMIN-PRBLST-T32FP60","meas_flag_ANN-TMIN-PRBLST-T32FP60","comp_flag_ANN-TMIN-PRBLST-T32FP60","years_ANN-TMIN-PRBLST-T32FP60","ANN-TMIN-PRBLST-T32FP70","meas_flag_ANN-TMIN-PRBLST-T32FP70","comp_flag_ANN-TMIN-PRBLST-T32FP70","years_ANN-TMIN-PRBLST-T32FP70","ANN-TMIN-PRBLST-T32FP80","meas_flag_ANN-TMIN-PRBLST-T32FP80","comp_flag_ANN-TMIN-PRBLST-T32FP80","years_ANN-TMIN-PRBLST-T32FP80","ANN-TMIN-PRBLST-T32FP90","meas_flag_ANN-TMIN-PRBLST-T32FP90","comp_flag_ANN-TMIN-PRBLST-T32FP90","years_ANN-TMIN-PRBLST-T32FP90","ANN-TMIN-PRBLST-T36FP10","meas_flag_ANN-TMIN-PRBLST-T36FP10","comp_flag_ANN-TMIN-PRBLST-T36FP10","years_ANN-TMIN-PRBLST-T36FP10","ANN-TMIN-PRBLST-T36FP20","meas_flag_ANN-TMIN-PRBLST-T36FP20","comp_flag_ANN-TMIN-PRBLST-T36FP20","years_ANN-TMIN-PRBLST-T36FP20","ANN-TMIN-PRBLST-T36FP30","meas_flag_ANN-TMIN-PRBLST-T36FP30","comp_flag_ANN-TMIN-PRBLST-T36FP30","years_ANN-TMIN-PRBLST-T36FP30","ANN-TMIN-PRBLST-T36FP40","meas_flag_ANN-TMIN-PRBLST-T36FP40","comp_flag_ANN-TMIN-PRBLST-T36FP40","years_ANN-TMIN-PRBLST-T36FP40","ANN-TMIN-PRBLST-T36FP50","meas_flag_ANN-TMIN-PRBLST-T36FP50","comp_flag_ANN-TMIN-PRBLST-T36FP50","years_ANN-TMIN-PRBLST-T36FP50","ANN-TMIN-PRBLST-T36FP60","meas_flag_ANN-TMIN-PRBLST-T36FP60","comp_flag_ANN-TMIN-PRBLST-T36FP60","years_ANN-TMIN-PRBLST-T36FP60","ANN-TMIN-PRBLST-T36FP70","meas_flag_ANN-TMIN-PRBLST-T36FP70","comp_flag_ANN-TMIN-PRBLST-T36FP70","years_ANN-TMIN-PRBLST-T36FP70","ANN-TMIN-PRBLST-T36FP80","meas_flag_ANN-TMIN-PRBLST-T36FP80","comp_flag_ANN-TMIN-PRBLST-T36FP80","years_ANN-TMIN-PRBLST-T36FP80","ANN-TMIN-PRBLST-T36FP90","meas_flag_ANN-TMIN-PRBLST-T36FP90","comp_flag_ANN-TMIN-PRBLST-T36FP90","years_ANN-TMIN-PRBLST-T36FP90","ANN-TMIN-PRBGSL-T16FP10","meas_flag_ANN-TMIN-PRBGSL-T16FP10","comp_flag_ANN-TMIN-PRBGSL-T16FP10","years_ANN-TMIN-PRBGSL-T16FP10","ANN-TMIN-PRBGSL-T16FP20","meas_flag_ANN-TMIN-PRBGSL-T16FP20","comp_flag_ANN-TMIN-PRBGSL-T16FP20","years_ANN-TMIN-PRBGSL-T16FP20","ANN-TMIN-PRBGSL-T16FP30","meas_flag_ANN-TMIN-PRBGSL-T16FP30","comp_flag_ANN-TMIN-PRBGSL-T16FP30","years_ANN-TMIN-PRBGSL-T16FP30","ANN-TMIN-PRBGSL-T16FP40","meas_flag_ANN-TMIN-PRBGSL-T16FP40","comp_flag_ANN-TMIN-PRBGSL-T16FP40","years_ANN-TMIN-PRBGSL-T16FP40","ANN-TMIN-PRBGSL-T16FP50","meas_flag_ANN-TMIN-PRBGSL-T16FP50","comp_flag_ANN-TMIN-PRBGSL-T16FP50","years_ANN-TMIN-PRBGSL-T16FP50","ANN-TMIN-PRBGSL-T16FP60","meas_flag_ANN-TMIN-PRBGSL-T16FP60","comp_flag_ANN-TMIN-PRBGSL-T16FP60","years_ANN-TMIN-PRBGSL-T16FP60","ANN-TMIN-PRBGSL-T16FP70","meas_flag_ANN-TMIN-PRBGSL-T16FP70","comp_flag_ANN-TMIN-PRBGSL-T16FP70","years_ANN-TMIN-PRBGSL-T16FP70","ANN-TMIN-PRBGSL-T16FP80","meas_flag_ANN-TMIN-PRBGSL-T16FP80","comp_flag_ANN-TMIN-PRBGSL-T16FP80","years_ANN-TMIN-PRBGSL-T16FP80","ANN-TMIN-PRBGSL-T16FP90","meas_flag_ANN-TMIN-PRBGSL-T16FP90","comp_flag_ANN-TMIN-PRBGSL-T16FP90","years_ANN-TMIN-PRBGSL-T16FP90","ANN-TMIN-PRBGSL-T20FP10","meas_flag_ANN-TMIN-PRBGSL-T20FP10","comp_flag_ANN-TMIN-PRBGSL-T20FP10","years_ANN-TMIN-PRBGSL-T20FP10","ANN-TMIN-PRBGSL-T20FP20","meas_flag_ANN-TMIN-PRBGSL-T20FP20","comp_flag_ANN-TMIN-PRBGSL-T20FP20","years_ANN-TMIN-PRBGSL-T20FP20","ANN-TMIN-PRBGSL-T20FP30","meas_flag_ANN-TMIN-PRBGSL-T20FP30","comp_flag_ANN-TMIN-PRBGSL-T20FP30","years_ANN-TMIN-PRBGSL-T20FP30","ANN-TMIN-PRBGSL-T20FP40","meas_flag_ANN-TMIN-PRBGSL-T20FP40","comp_flag_ANN-TMIN-PRBGSL-T20FP40","years_ANN-TMIN-PRBGSL-T20FP40","ANN-TMIN-PRBGSL-T20FP50","meas_flag_ANN-TMIN-PRBGSL-T20FP50","comp_flag_ANN-TMIN-PRBGSL-T20FP50","years_ANN-TMIN-PRBGSL-T20FP50","ANN-TMIN-PRBGSL-T20FP60","meas_flag_ANN-TMIN-PRBGSL-T20FP60","comp_flag_ANN-TMIN-PRBGSL-T20FP60","years_ANN-TMIN-PRBGSL-T20FP60","ANN-TMIN-PRBGSL-T20FP70","meas_flag_ANN-TMIN-PRBGSL-T20FP70","comp_flag_ANN-TMIN-PRBGSL-T20FP70","years_ANN-TMIN-PRBGSL-T20FP70","ANN-TMIN-PRBGSL-T20FP80","meas_flag_ANN-TMIN-PRBGSL-T20FP80","comp_flag_ANN-TMIN-PRBGSL-T20FP80","years_ANN-TMIN-PRBGSL-T20FP80","ANN-TMIN-PRBGSL-T20FP90","meas_flag_ANN-TMIN-PRBGSL-T20FP90","comp_flag_ANN-TMIN-PRBGSL-T20FP90","years_ANN-TMIN-PRBGSL-T20FP90","ANN-TMIN-PRBGSL-T24FP10","meas_flag_ANN-TMIN-PRBGSL-T24FP10","comp_flag_ANN-TMIN-PRBGSL-T24FP10","years_ANN-TMIN-PRBGSL-T24FP10","ANN-TMIN-PRBGSL-T24FP20","meas_flag_ANN-TMIN-PRBGSL-T24FP20","comp_flag_ANN-TMIN-PRBGSL-T24FP20","years_ANN-TMIN-PRBGSL-T24FP20","ANN-TMIN-PRBGSL-T24FP30","meas_flag_ANN-TMIN-PRBGSL-T24FP30","comp_flag_ANN-TMIN-PRBGSL-T24FP30","years_ANN-TMIN-PRBGSL-T24FP30","ANN-TMIN-PRBGSL-T24FP40","meas_flag_ANN-TMIN-PRBGSL-T24FP40","comp_flag_ANN-TMIN-PRBGSL-T24FP40","years_ANN-TMIN-PRBGSL-T24FP40","ANN-TMIN-PRBGSL-T24FP50","meas_flag_ANN-TMIN-PRBGSL-T24FP50","comp_flag_ANN-TMIN-PRBGSL-T24FP50","years_ANN-TMIN-PRBGSL-T24FP50","ANN-TMIN-PRBGSL-T24FP60","meas_flag_ANN-TMIN-PRBGSL-T24FP60","comp_flag_ANN-TMIN-PRBGSL-T24FP60","years_ANN-TMIN-PRBGSL-T24FP60","ANN-TMIN-PRBGSL-T24FP70","meas_flag_ANN-TMIN-PRBGSL-T24FP70","comp_flag_ANN-TMIN-PRBGSL-T24FP70","years_ANN-TMIN-PRBGSL-T24FP70","ANN-TMIN-PRBGSL-T24FP80","meas_flag_ANN-TMIN-PRBGSL-T24FP80","comp_flag_ANN-TMIN-PRBGSL-T24FP80","years_ANN-TMIN-PRBGSL-T24FP80","ANN-TMIN-PRBGSL-T24FP90","meas_flag_ANN-TMIN-PRBGSL-T24FP90","comp_flag_ANN-TMIN-PRBGSL-T24FP90","years_ANN-TMIN-PRBGSL-T24FP90","ANN-TMIN-PRBGSL-T28FP10","meas_flag_ANN-TMIN-PRBGSL-T28FP10","comp_flag_ANN-TMIN-PRBGSL-T28FP10","years_ANN-TMIN-PRBGSL-T28FP10","ANN-TMIN-PRBGSL-T28FP20","meas_flag_ANN-TMIN-PRBGSL-T28FP20","comp_flag_ANN-TMIN-PRBGSL-T28FP20","years_ANN-TMIN-PRBGSL-T28FP20","ANN-TMIN-PRBGSL-T28FP30","meas_flag_ANN-TMIN-PRBGSL-T28FP30","comp_flag_ANN-TMIN-PRBGSL-T28FP30","years_ANN-TMIN-PRBGSL-T28FP30","ANN-TMIN-PRBGSL-T28FP40","meas_flag_ANN-TMIN-PRBGSL-T28FP40","comp_flag_ANN-TMIN-PRBGSL-T28FP40","years_ANN-TMIN-PRBGSL-T28FP40","ANN-TMIN-PRBGSL-T28FP50","meas_flag_ANN-TMIN-PRBGSL-T28FP50","comp_flag_ANN-TMIN-PRBGSL-T28FP50","years_ANN-TMIN-PRBGSL-T28FP50","ANN-TMIN-PRBGSL-T28FP60","meas_flag_ANN-TMIN-PRBGSL-T28FP60","comp_flag_ANN-TMIN-PRBGSL-T28FP60","years_ANN-TMIN-PRBGSL-T28FP60","ANN-TMIN-PRBGSL-T28FP70","meas_flag_ANN-TMIN-PRBGSL-T28FP70","comp_flag_ANN-TMIN-PRBGSL-T28FP70","years_ANN-TMIN-PRBGSL-T28FP70","ANN-TMIN-PRBGSL-T28FP80","meas_flag_ANN-TMIN-PRBGSL-T28FP80","comp_flag_ANN-TMIN-PRBGSL-T28FP80","years_ANN-TMIN-PRBGSL-T28FP80","ANN-TMIN-PRBGSL-T28FP90","meas_flag_ANN-TMIN-PRBGSL-T28FP90","comp_flag_ANN-TMIN-PRBGSL-T28FP90","years_ANN-TMIN-PRBGSL-T28FP90","ANN-TMIN-PRBGSL-T32FP10","meas_flag_ANN-TMIN-PRBGSL-T32FP10","comp_flag_ANN-TMIN-PRBGSL-T32FP10","years_ANN-TMIN-PRBGSL-T32FP10","ANN-TMIN-PRBGSL-T32FP20","meas_flag_ANN-TMIN-PRBGSL-T32FP20","comp_flag_ANN-TMIN-PRBGSL-T32FP20","years_ANN-TMIN-PRBGSL-T32FP20","ANN-TMIN-PRBGSL-T32FP30","meas_flag_ANN-TMIN-PRBGSL-T32FP30","comp_flag_ANN-TMIN-PRBGSL-T32FP30","years_ANN-TMIN-PRBGSL-T32FP30","ANN-TMIN-PRBGSL-T32FP40","meas_flag_ANN-TMIN-PRBGSL-T32FP40","comp_flag_ANN-TMIN-PRBGSL-T32FP40","years_ANN-TMIN-PRBGSL-T32FP40","ANN-TMIN-PRBGSL-T32FP50","meas_flag_ANN-TMIN-PRBGSL-T32FP50","comp_flag_ANN-TMIN-PRBGSL-T32FP50","years_ANN-TMIN-PRBGSL-T32FP50","ANN-TMIN-PRBGSL-T32FP60","meas_flag_ANN-TMIN-PRBGSL-T32FP60","comp_flag_ANN-TMIN-PRBGSL-T32FP60","years_ANN-TMIN-PRBGSL-T32FP60","ANN-TMIN-PRBGSL-T32FP70","meas_flag_ANN-TMIN-PRBGSL-T32FP70","comp_flag_ANN-TMIN-PRBGSL-T32FP70","years_ANN-TMIN-PRBGSL-T32FP70","ANN-TMIN-PRBGSL-T32FP80","meas_flag_ANN-TMIN-PRBGSL-T32FP80","comp_flag_ANN-TMIN-PRBGSL-T32FP80","years_ANN-TMIN-PRBGSL-T32FP80","ANN-TMIN-PRBGSL-T32FP90","meas_flag_ANN-TMIN-PRBGSL-T32FP90","comp_flag_ANN-TMIN-PRBGSL-T32FP90","years_ANN-TMIN-PRBGSL-T32FP90","ANN-TMIN-PRBGSL-T36FP10","meas_flag_ANN-TMIN-PRBGSL-T36FP10","comp_flag_ANN-TMIN-PRBGSL-T36FP10","years_ANN-TMIN-PRBGSL-T36FP10","ANN-TMIN-PRBGSL-T36FP20","meas_flag_ANN-TMIN-PRBGSL-T36FP20","comp_flag_ANN-TMIN-PRBGSL-T36FP20","years_ANN-TMIN-PRBGSL-T36FP20","ANN-TMIN-PRBGSL-T36FP30","meas_flag_ANN-TMIN-PRBGSL-T36FP30","comp_flag_ANN-TMIN-PRBGSL-T36FP30","years_ANN-TMIN-PRBGSL-T36FP30","ANN-TMIN-PRBGSL-T36FP40","meas_flag_ANN-TMIN-PRBGSL-T36FP40","comp_flag_ANN-TMIN-PRBGSL-T36FP40","years_ANN-TMIN-PRBGSL-T36FP40","ANN-TMIN-PRBGSL-T36FP50","meas_flag_ANN-TMIN-PRBGSL-T36FP50","comp_flag_ANN-TMIN-PRBGSL-T36FP50","years_ANN-TMIN-PRBGSL-T36FP50","ANN-TMIN-PRBGSL-T36FP60","meas_flag_ANN-TMIN-PRBGSL-T36FP60","comp_flag_ANN-TMIN-PRBGSL-T36FP60","years_ANN-TMIN-PRBGSL-T36FP60","ANN-TMIN-PRBGSL-T36FP70","meas_flag_ANN-TMIN-PRBGSL-T36FP70","comp_flag_ANN-TMIN-PRBGSL-T36FP70","years_ANN-TMIN-PRBGSL-T36FP70","ANN-TMIN-PRBGSL-T36FP80","meas_flag_ANN-TMIN-PRBGSL-T36FP80","comp_flag_ANN-TMIN-PRBGSL-T36FP80","years_ANN-TMIN-PRBGSL-T36FP80","ANN-TMIN-PRBGSL-T36FP90","meas_flag_ANN-TMIN-PRBGSL-T36FP90","comp_flag_ANN-TMIN-PRBGSL-T36FP90","years_ANN-TMIN-PRBGSL-T36FP90","ANN-PRCP-NORMAL","meas_flag_ANN-PRCP-NORMAL","comp_flag_ANN-PRCP-NORMAL","years_ANN-PRCP-NORMAL","MAM-PRCP-NORMAL","meas_flag_MAM-PRCP-NORMAL","comp_flag_MAM-PRCP-NORMAL","years_MAM-PRCP-NORMAL","JJA-PRCP-NORMAL","meas_flag_JJA-PRCP-NORMAL","comp_flag_JJA-PRCP-NORMAL","years_JJA-PRCP-NORMAL","SON-PRCP-NORMAL","meas_flag_SON-PRCP-NORMAL","comp_flag_SON-PRCP-NORMAL","years_SON-PRCP-NORMAL","DJF-PRCP-NORMAL","meas_flag_DJF-PRCP-NORMAL","comp_flag_DJF-PRCP-NORMAL","years_DJF-PRCP-NORMAL","ANN-SNOW-NORMAL","meas_flag_ANN-SNOW-NORMAL","comp_flag_ANN-SNOW-NORMAL","years_ANN-SNOW-NORMAL","MAM-SNOW-NORMAL","meas_flag_MAM-SNOW-NORMAL","comp_flag_MAM-SNOW-NORMAL","years_MAM-SNOW-NORMAL","JJA-SNOW-NORMAL","meas_flag_JJA-SNOW-NORMAL","comp_flag_JJA-SNOW-NORMAL","years_JJA-SNOW-NORMAL","SON-SNOW-NORMAL","meas_flag_SON-SNOW-NORMAL","comp_flag_SON-SNOW-NORMAL","years_SON-SNOW-NORMAL","DJF-SNOW-NORMAL","meas_flag_DJF-SNOW-NORMAL","comp_flag_DJF-SNOW-NORMAL","years_DJF-SNOW-NORMAL","ANN-PRCP-AVGNDS-GE001HI","meas_flag_ANN-PRCP-AVGNDS-GE001HI","comp_flag_ANN-PRCP-AVGNDS-GE001HI","years_ANN-PRCP-AVGNDS-GE001HI","ANN-PRCP-AVGNDS-GE010HI","meas_flag_ANN-PRCP-AVGNDS-GE010HI","comp_flag_ANN-PRCP-AVGNDS-GE010HI","years_ANN-PRCP-AVGNDS-GE010HI","ANN-PRCP-AVGNDS-GE025HI","meas_flag_ANN-PRCP-AVGNDS-GE025HI","comp_flag_ANN-PRCP-AVGNDS-GE025HI","years_ANN-PRCP-AVGNDS-GE025HI","ANN-PRCP-AVGNDS-GE050HI","meas_flag_ANN-PRCP-AVGNDS-GE050HI","comp_flag_ANN-PRCP-AVGNDS-GE050HI","years_ANN-PRCP-AVGNDS-GE050HI","ANN-PRCP-AVGNDS-GE100HI","meas_flag_ANN-PRCP-AVGNDS-GE100HI","comp_flag_ANN-PRCP-AVGNDS-GE100HI","years_ANN-PRCP-AVGNDS-GE100HI","ANN-PRCP-AVGNDS-GE200HI","meas_flag_ANN-PRCP-AVGNDS-GE200HI","comp_flag_ANN-PRCP-AVGNDS-GE200HI","years_ANN-PRCP-AVGNDS-GE200HI","ANN-PRCP-AVGNDS-GE400HI","meas_flag_ANN-PRCP-AVGNDS-GE400HI","comp_flag_ANN-PRCP-AVGNDS-GE400HI","years_ANN-PRCP-AVGNDS-GE400HI","ANN-PRCP-AVGNDS-GE600HI","meas_flag_ANN-PRCP-AVGNDS-GE600HI","comp_flag_ANN-PRCP-AVGNDS-GE600HI","years_ANN-PRCP-AVGNDS-GE600HI","ANN-SNOW-AVGNDS-GE001TI","meas_flag_ANN-SNOW-AVGNDS-GE001TI","comp_flag_ANN-SNOW-AVGNDS-GE001TI","years_ANN-SNOW-AVGNDS-GE001TI","ANN-SNOW-AVGNDS-GE010TI","meas_flag_ANN-SNOW-AVGNDS-GE010TI","comp_flag_ANN-SNOW-AVGNDS-GE010TI","years_ANN-SNOW-AVGNDS-GE010TI","ANN-SNOW-AVGNDS-GE020TI","meas_flag_ANN-SNOW-AVGNDS-GE020TI","comp_flag_ANN-SNOW-AVGNDS-GE020TI","years_ANN-SNOW-AVGNDS-GE020TI","ANN-SNOW-AVGNDS-GE030TI","meas_flag_ANN-SNOW-AVGNDS-GE030TI","comp_flag_ANN-SNOW-AVGNDS-GE030TI","years_ANN-SNOW-AVGNDS-GE030TI","ANN-SNOW-AVGNDS-GE040TI","meas_flag_ANN-SNOW-AVGNDS-GE040TI","comp_flag_ANN-SNOW-AVGNDS-GE040TI","years_ANN-SNOW-AVGNDS-GE040TI","ANN-SNOW-AVGNDS-GE050TI","meas_flag_ANN-SNOW-AVGNDS-GE050TI","comp_flag_ANN-SNOW-AVGNDS-GE050TI","years_ANN-SNOW-AVGNDS-GE050TI","ANN-SNOW-AVGNDS-GE100TI","meas_flag_ANN-SNOW-AVGNDS-GE100TI","comp_flag_ANN-SNOW-AVGNDS-GE100TI","years_ANN-SNOW-AVGNDS-GE100TI","ANN-SNOW-AVGNDS-GE200TI","meas_flag_ANN-SNOW-AVGNDS-GE200TI","comp_flag_ANN-SNOW-AVGNDS-GE200TI","years_ANN-SNOW-AVGNDS-GE200TI","ANN-SNWD-AVGNDS-GE001WI","meas_flag_ANN-SNWD-AVGNDS-GE001WI","comp_flag_ANN-SNWD-AVGNDS-GE001WI","years_ANN-SNWD-AVGNDS-GE001WI","ANN-SNWD-AVGNDS-GE002WI","meas_flag_ANN-SNWD-AVGNDS-GE002WI","comp_flag_ANN-SNWD-AVGNDS-GE002WI","years_ANN-SNWD-AVGNDS-GE002WI","ANN-SNWD-AVGNDS-GE003WI","meas_flag_ANN-SNWD-AVGNDS-GE003WI","comp_flag_ANN-SNWD-AVGNDS-GE003WI","years_ANN-SNWD-AVGNDS-GE003WI","ANN-SNWD-AVGNDS-GE004WI","meas_flag_ANN-SNWD-AVGNDS-GE004WI","comp_flag_ANN-SNWD-AVGNDS-GE004WI","years_ANN-SNWD-AVGNDS-GE004WI","ANN-SNWD-AVGNDS-GE005WI","meas_flag_ANN-SNWD-AVGNDS-GE005WI","comp_flag_ANN-SNWD-AVGNDS-GE005WI","years_ANN-SNWD-AVGNDS-GE005WI","ANN-SNWD-AVGNDS-GE010WI","meas_flag_ANN-SNWD-AVGNDS-GE010WI","comp_flag_ANN-SNWD-AVGNDS-GE010WI","years_ANN-SNWD-AVGNDS-GE010WI","ANN-SNWD-AVGNDS-GE020WI","meas_flag_ANN-SNWD-AVGNDS-GE020WI","comp_flag_ANN-SNWD-AVGNDS-GE020WI","years_ANN-SNWD-AVGNDS-GE020WI","MAM-PRCP-AVGNDS-GE001HI","meas_flag_MAM-PRCP-AVGNDS-GE001HI","comp_flag_MAM-PRCP-AVGNDS-GE001HI","years_MAM-PRCP-AVGNDS-GE001HI","MAM-PRCP-AVGNDS-GE010HI","meas_flag_MAM-PRCP-AVGNDS-GE010HI","comp_flag_MAM-PRCP-AVGNDS-GE010HI","years_MAM-PRCP-AVGNDS-GE010HI","MAM-PRCP-AVGNDS-GE025HI","meas_flag_MAM-PRCP-AVGNDS-GE025HI","comp_flag_MAM-PRCP-AVGNDS-GE025HI","years_MAM-PRCP-AVGNDS-GE025HI","MAM-PRCP-AVGNDS-GE050HI","meas_flag_MAM-PRCP-AVGNDS-GE050HI","comp_flag_MAM-PRCP-AVGNDS-GE050HI","years_MAM-PRCP-AVGNDS-GE050HI","MAM-PRCP-AVGNDS-GE100HI","meas_flag_MAM-PRCP-AVGNDS-GE100HI","comp_flag_MAM-PRCP-AVGNDS-GE100HI","years_MAM-PRCP-AVGNDS-GE100HI","MAM-PRCP-AVGNDS-GE200HI","meas_flag_MAM-PRCP-AVGNDS-GE200HI","comp_flag_MAM-PRCP-AVGNDS-GE200HI","years_MAM-PRCP-AVGNDS-GE200HI","MAM-PRCP-AVGNDS-GE400HI","meas_flag_MAM-PRCP-AVGNDS-GE400HI","comp_flag_MAM-PRCP-AVGNDS-GE400HI","years_MAM-PRCP-AVGNDS-GE400HI","MAM-PRCP-AVGNDS-GE600HI","meas_flag_MAM-PRCP-AVGNDS-GE600HI","comp_flag_MAM-PRCP-AVGNDS-GE600HI","years_MAM-PRCP-AVGNDS-GE600HI","MAM-SNOW-AVGNDS-GE001TI","meas_flag_MAM-SNOW-AVGNDS-GE001TI","comp_flag_MAM-SNOW-AVGNDS-GE001TI","years_MAM-SNOW-AVGNDS-GE001TI","MAM-SNOW-AVGNDS-GE010TI","meas_flag_MAM-SNOW-AVGNDS-GE010TI","comp_flag_MAM-SNOW-AVGNDS-GE010TI","years_MAM-SNOW-AVGNDS-GE010TI","MAM-SNOW-AVGNDS-GE020TI","meas_flag_MAM-SNOW-AVGNDS-GE020TI","comp_flag_MAM-SNOW-AVGNDS-GE020TI","years_MAM-SNOW-AVGNDS-GE020TI","MAM-SNOW-AVGNDS-GE030TI","meas_flag_MAM-SNOW-AVGNDS-GE030TI","comp_flag_MAM-SNOW-AVGNDS-GE030TI","years_MAM-SNOW-AVGNDS-GE030TI","MAM-SNOW-AVGNDS-GE040TI","meas_flag_MAM-SNOW-AVGNDS-GE040TI","comp_flag_MAM-SNOW-AVGNDS-GE040TI","years_MAM-SNOW-AVGNDS-GE040TI","MAM-SNOW-AVGNDS-GE050TI","meas_flag_MAM-SNOW-AVGNDS-GE050TI","comp_flag_MAM-SNOW-AVGNDS-GE050TI","years_MAM-SNOW-AVGNDS-GE050TI","MAM-SNOW-AVGNDS-GE100TI","meas_flag_MAM-SNOW-AVGNDS-GE100TI","comp_flag_MAM-SNOW-AVGNDS-GE100TI","years_MAM-SNOW-AVGNDS-GE100TI","MAM-SNOW-AVGNDS-GE200TI","meas_flag_MAM-SNOW-AVGNDS-GE200TI","comp_flag_MAM-SNOW-AVGNDS-GE200TI","years_MAM-SNOW-AVGNDS-GE200TI","MAM-SNWD-AVGNDS-GE001WI","meas_flag_MAM-SNWD-AVGNDS-GE001WI","comp_flag_MAM-SNWD-AVGNDS-GE001WI","years_MAM-SNWD-AVGNDS-GE001WI","MAM-SNWD-AVGNDS-GE002WI","meas_flag_MAM-SNWD-AVGNDS-GE002WI","comp_flag_MAM-SNWD-AVGNDS-GE002WI","years_MAM-SNWD-AVGNDS-GE002WI","MAM-SNWD-AVGNDS-GE003WI","meas_flag_MAM-SNWD-AVGNDS-GE003WI","comp_flag_MAM-SNWD-AVGNDS-GE003WI","years_MAM-SNWD-AVGNDS-GE003WI","MAM-SNWD-AVGNDS-GE004WI","meas_flag_MAM-SNWD-AVGNDS-GE004WI","comp_flag_MAM-SNWD-AVGNDS-GE004WI","years_MAM-SNWD-AVGNDS-GE004WI","MAM-SNWD-AVGNDS-GE005WI","meas_flag_MAM-SNWD-AVGNDS-GE005WI","comp_flag_MAM-SNWD-AVGNDS-GE005WI","years_MAM-SNWD-AVGNDS-GE005WI","MAM-SNWD-AVGNDS-GE010WI","meas_flag_MAM-SNWD-AVGNDS-GE010WI","comp_flag_MAM-SNWD-AVGNDS-GE010WI","years_MAM-SNWD-AVGNDS-GE010WI","MAM-SNWD-AVGNDS-GE020WI","meas_flag_MAM-SNWD-AVGNDS-GE020WI","comp_flag_MAM-SNWD-AVGNDS-GE020WI","years_MAM-SNWD-AVGNDS-GE020WI","JJA-PRCP-AVGNDS-GE001HI","meas_flag_JJA-PRCP-AVGNDS-GE001HI","comp_flag_JJA-PRCP-AVGNDS-GE001HI","years_JJA-PRCP-AVGNDS-GE001HI","JJA-PRCP-AVGNDS-GE010HI","meas_flag_JJA-PRCP-AVGNDS-GE010HI","comp_flag_JJA-PRCP-AVGNDS-GE010HI","years_JJA-PRCP-AVGNDS-GE010HI","JJA-PRCP-AVGNDS-GE025HI","meas_flag_JJA-PRCP-AVGNDS-GE025HI","comp_flag_JJA-PRCP-AVGNDS-GE025HI","years_JJA-PRCP-AVGNDS-GE025HI","JJA-PRCP-AVGNDS-GE050HI","meas_flag_JJA-PRCP-AVGNDS-GE050HI","comp_flag_JJA-PRCP-AVGNDS-GE050HI","years_JJA-PRCP-AVGNDS-GE050HI","JJA-PRCP-AVGNDS-GE100HI","meas_flag_JJA-PRCP-AVGNDS-GE100HI","comp_flag_JJA-PRCP-AVGNDS-GE100HI","years_JJA-PRCP-AVGNDS-GE100HI","JJA-PRCP-AVGNDS-GE200HI","meas_flag_JJA-PRCP-AVGNDS-GE200HI","comp_flag_JJA-PRCP-AVGNDS-GE200HI","years_JJA-PRCP-AVGNDS-GE200HI","JJA-PRCP-AVGNDS-GE400HI","meas_flag_JJA-PRCP-AVGNDS-GE400HI","comp_flag_JJA-PRCP-AVGNDS-GE400HI","years_JJA-PRCP-AVGNDS-GE400HI","JJA-PRCP-AVGNDS-GE600HI","meas_flag_JJA-PRCP-AVGNDS-GE600HI","comp_flag_JJA-PRCP-AVGNDS-GE600HI","years_JJA-PRCP-AVGNDS-GE600HI","JJA-SNOW-AVGNDS-GE001TI","meas_flag_JJA-SNOW-AVGNDS-GE001TI","comp_flag_JJA-SNOW-AVGNDS-GE001TI","years_JJA-SNOW-AVGNDS-GE001TI","JJA-SNOW-AVGNDS-GE010TI","meas_flag_JJA-SNOW-AVGNDS-GE010TI","comp_flag_JJA-SNOW-AVGNDS-GE010TI","years_JJA-SNOW-AVGNDS-GE010TI","JJA-SNOW-AVGNDS-GE020TI","meas_flag_JJA-SNOW-AVGNDS-GE020TI","comp_flag_JJA-SNOW-AVGNDS-GE020TI","years_JJA-SNOW-AVGNDS-GE020TI","JJA-SNOW-AVGNDS-GE030TI","meas_flag_JJA-SNOW-AVGNDS-GE030TI","comp_flag_JJA-SNOW-AVGNDS-GE030TI","years_JJA-SNOW-AVGNDS-GE030TI","JJA-SNOW-AVGNDS-GE040TI","meas_flag_JJA-SNOW-AVGNDS-GE040TI","comp_flag_JJA-SNOW-AVGNDS-GE040TI","years_JJA-SNOW-AVGNDS-GE040TI","JJA-SNOW-AVGNDS-GE050TI","meas_flag_JJA-SNOW-AVGNDS-GE050TI","comp_flag_JJA-SNOW-AVGNDS-GE050TI","years_JJA-SNOW-AVGNDS-GE050TI","JJA-SNOW-AVGNDS-GE100TI","meas_flag_JJA-SNOW-AVGNDS-GE100TI","comp_flag_JJA-SNOW-AVGNDS-GE100TI","years_JJA-SNOW-AVGNDS-GE100TI","JJA-SNOW-AVGNDS-GE200TI","meas_flag_JJA-SNOW-AVGNDS-GE200TI","comp_flag_JJA-SNOW-AVGNDS-GE200TI","years_JJA-SNOW-AVGNDS-GE200TI","JJA-SNWD-AVGNDS-GE001WI","meas_flag_JJA-SNWD-AVGNDS-GE001WI","comp_flag_JJA-SNWD-AVGNDS-GE001WI","years_JJA-SNWD-AVGNDS-GE001WI","JJA-SNWD-AVGNDS-GE002WI","meas_flag_JJA-SNWD-AVGNDS-GE002WI","comp_flag_JJA-SNWD-AVGNDS-GE002WI","years_JJA-SNWD-AVGNDS-GE002WI","JJA-SNWD-AVGNDS-GE003WI","meas_flag_JJA-SNWD-AVGNDS-GE003WI","comp_flag_JJA-SNWD-AVGNDS-GE003WI","years_JJA-SNWD-AVGNDS-GE003WI","JJA-SNWD-AVGNDS-GE004WI","meas_flag_JJA-SNWD-AVGNDS-GE004WI","comp_flag_JJA-SNWD-AVGNDS-GE004WI","years_JJA-SNWD-AVGNDS-GE004WI","JJA-SNWD-AVGNDS-GE005WI","meas_flag_JJA-SNWD-AVGNDS-GE005WI","comp_flag_JJA-SNWD-AVGNDS-GE005WI","years_JJA-SNWD-AVGNDS-GE005WI","JJA-SNWD-AVGNDS-GE010WI","meas_flag_JJA-SNWD-AVGNDS-GE010WI","comp_flag_JJA-SNWD-AVGNDS-GE010WI","years_JJA-SNWD-AVGNDS-GE010WI","JJA-SNWD-AVGNDS-GE020WI","meas_flag_JJA-SNWD-AVGNDS-GE020WI","comp_flag_JJA-SNWD-AVGNDS-GE020WI","years_JJA-SNWD-AVGNDS-GE020WI","SON-PRCP-AVGNDS-GE001HI","meas_flag_SON-PRCP-AVGNDS-GE001HI","comp_flag_SON-PRCP-AVGNDS-GE001HI","years_SON-PRCP-AVGNDS-GE001HI","SON-PRCP-AVGNDS-GE010HI","meas_flag_SON-PRCP-AVGNDS-GE010HI","comp_flag_SON-PRCP-AVGNDS-GE010HI","years_SON-PRCP-AVGNDS-GE010HI","SON-PRCP-AVGNDS-GE025HI","meas_flag_SON-PRCP-AVGNDS-GE025HI","comp_flag_SON-PRCP-AVGNDS-GE025HI","years_SON-PRCP-AVGNDS-GE025HI","SON-PRCP-AVGNDS-GE050HI","meas_flag_SON-PRCP-AVGNDS-GE050HI","comp_flag_SON-PRCP-AVGNDS-GE050HI","years_SON-PRCP-AVGNDS-GE050HI","SON-PRCP-AVGNDS-GE100HI","meas_flag_SON-PRCP-AVGNDS-GE100HI","comp_flag_SON-PRCP-AVGNDS-GE100HI","years_SON-PRCP-AVGNDS-GE100HI","SON-PRCP-AVGNDS-GE200HI","meas_flag_SON-PRCP-AVGNDS-GE200HI","comp_flag_SON-PRCP-AVGNDS-GE200HI","years_SON-PRCP-AVGNDS-GE200HI","SON-PRCP-AVGNDS-GE400HI","meas_flag_SON-PRCP-AVGNDS-GE400HI","comp_flag_SON-PRCP-AVGNDS-GE400HI","years_SON-PRCP-AVGNDS-GE400HI","SON-PRCP-AVGNDS-GE600HI","meas_flag_SON-PRCP-AVGNDS-GE600HI","comp_flag_SON-PRCP-AVGNDS-GE600HI","years_SON-PRCP-AVGNDS-GE600HI","SON-SNOW-AVGNDS-GE001TI","meas_flag_SON-SNOW-AVGNDS-GE001TI","comp_flag_SON-SNOW-AVGNDS-GE001TI","years_SON-SNOW-AVGNDS-GE001TI","SON-SNOW-AVGNDS-GE010TI","meas_flag_SON-SNOW-AVGNDS-GE010TI","comp_flag_SON-SNOW-AVGNDS-GE010TI","years_SON-SNOW-AVGNDS-GE010TI","SON-SNOW-AVGNDS-GE020TI","meas_flag_SON-SNOW-AVGNDS-GE020TI","comp_flag_SON-SNOW-AVGNDS-GE020TI","years_SON-SNOW-AVGNDS-GE020TI","SON-SNOW-AVGNDS-GE030TI","meas_flag_SON-SNOW-AVGNDS-GE030TI","comp_flag_SON-SNOW-AVGNDS-GE030TI","years_SON-SNOW-AVGNDS-GE030TI","SON-SNOW-AVGNDS-GE040TI","meas_flag_SON-SNOW-AVGNDS-GE040TI","comp_flag_SON-SNOW-AVGNDS-GE040TI","years_SON-SNOW-AVGNDS-GE040TI","SON-SNOW-AVGNDS-GE050TI","meas_flag_SON-SNOW-AVGNDS-GE050TI","comp_flag_SON-SNOW-AVGNDS-GE050TI","years_SON-SNOW-AVGNDS-GE050TI","SON-SNOW-AVGNDS-GE100TI","meas_flag_SON-SNOW-AVGNDS-GE100TI","comp_flag_SON-SNOW-AVGNDS-GE100TI","years_SON-SNOW-AVGNDS-GE100TI","SON-SNOW-AVGNDS-GE200TI","meas_flag_SON-SNOW-AVGNDS-GE200TI","comp_flag_SON-SNOW-AVGNDS-GE200TI","years_SON-SNOW-AVGNDS-GE200TI","SON-SNWD-AVGNDS-GE001WI","meas_flag_SON-SNWD-AVGNDS-GE001WI","comp_flag_SON-SNWD-AVGNDS-GE001WI","years_SON-SNWD-AVGNDS-GE001WI","SON-SNWD-AVGNDS-GE002WI","meas_flag_SON-SNWD-AVGNDS-GE002WI","comp_flag_SON-SNWD-AVGNDS-GE002WI","years_SON-SNWD-AVGNDS-GE002WI","SON-SNWD-AVGNDS-GE003WI","meas_flag_SON-SNWD-AVGNDS-GE003WI","comp_flag_SON-SNWD-AVGNDS-GE003WI","years_SON-SNWD-AVGNDS-GE003WI","SON-SNWD-AVGNDS-GE004WI","meas_flag_SON-SNWD-AVGNDS-GE004WI","comp_flag_SON-SNWD-AVGNDS-GE004WI","years_SON-SNWD-AVGNDS-GE004WI","SON-SNWD-AVGNDS-GE005WI","meas_flag_SON-SNWD-AVGNDS-GE005WI","comp_flag_SON-SNWD-AVGNDS-GE005WI","years_SON-SNWD-AVGNDS-GE005WI","SON-SNWD-AVGNDS-GE010WI","meas_flag_SON-SNWD-AVGNDS-GE010WI","comp_flag_SON-SNWD-AVGNDS-GE010WI","years_SON-SNWD-AVGNDS-GE010WI","SON-SNWD-AVGNDS-GE020WI","meas_flag_SON-SNWD-AVGNDS-GE020WI","comp_flag_SON-SNWD-AVGNDS-GE020WI","years_SON-SNWD-AVGNDS-GE020WI","DJF-PRCP-AVGNDS-GE001HI","meas_flag_DJF-PRCP-AVGNDS-GE001HI","comp_flag_DJF-PRCP-AVGNDS-GE001HI","years_DJF-PRCP-AVGNDS-GE001HI","DJF-PRCP-AVGNDS-GE010HI","meas_flag_DJF-PRCP-AVGNDS-GE010HI","comp_flag_DJF-PRCP-AVGNDS-GE010HI","years_DJF-PRCP-AVGNDS-GE010HI","DJF-PRCP-AVGNDS-GE025HI","meas_flag_DJF-PRCP-AVGNDS-GE025HI","comp_flag_DJF-PRCP-AVGNDS-GE025HI","years_DJF-PRCP-AVGNDS-GE025HI","DJF-PRCP-AVGNDS-GE050HI","meas_flag_DJF-PRCP-AVGNDS-GE050HI","comp_flag_DJF-PRCP-AVGNDS-GE050HI","years_DJF-PRCP-AVGNDS-GE050HI","DJF-PRCP-AVGNDS-GE100HI","meas_flag_DJF-PRCP-AVGNDS-GE100HI","comp_flag_DJF-PRCP-AVGNDS-GE100HI","years_DJF-PRCP-AVGNDS-GE100HI","DJF-PRCP-AVGNDS-GE200HI","meas_flag_DJF-PRCP-AVGNDS-GE200HI","comp_flag_DJF-PRCP-AVGNDS-GE200HI","years_DJF-PRCP-AVGNDS-GE200HI","DJF-PRCP-AVGNDS-GE400HI","meas_flag_DJF-PRCP-AVGNDS-GE400HI","comp_flag_DJF-PRCP-AVGNDS-GE400HI","years_DJF-PRCP-AVGNDS-GE400HI","DJF-PRCP-AVGNDS-GE600HI","meas_flag_DJF-PRCP-AVGNDS-GE600HI","comp_flag_DJF-PRCP-AVGNDS-GE600HI","years_DJF-PRCP-AVGNDS-GE600HI","DJF-SNOW-AVGNDS-GE001TI","meas_flag_DJF-SNOW-AVGNDS-GE001TI","comp_flag_DJF-SNOW-AVGNDS-GE001TI","years_DJF-SNOW-AVGNDS-GE001TI","DJF-SNOW-AVGNDS-GE010TI","meas_flag_DJF-SNOW-AVGNDS-GE010TI","comp_flag_DJF-SNOW-AVGNDS-GE010TI","years_DJF-SNOW-AVGNDS-GE010TI","DJF-SNOW-AVGNDS-GE020TI","meas_flag_DJF-SNOW-AVGNDS-GE020TI","comp_flag_DJF-SNOW-AVGNDS-GE020TI","years_DJF-SNOW-AVGNDS-GE020TI","DJF-SNOW-AVGNDS-GE030TI","meas_flag_DJF-SNOW-AVGNDS-GE030TI","comp_flag_DJF-SNOW-AVGNDS-GE030TI","years_DJF-SNOW-AVGNDS-GE030TI","DJF-SNOW-AVGNDS-GE040TI","meas_flag_DJF-SNOW-AVGNDS-GE040TI","comp_flag_DJF-SNOW-AVGNDS-GE040TI","years_DJF-SNOW-AVGNDS-GE040TI","DJF-SNOW-AVGNDS-GE050TI","meas_flag_DJF-SNOW-AVGNDS-GE050TI","comp_flag_DJF-SNOW-AVGNDS-GE050TI","years_DJF-SNOW-AVGNDS-GE050TI","DJF-SNOW-AVGNDS-GE100TI","meas_flag_DJF-SNOW-AVGNDS-GE100TI","comp_flag_DJF-SNOW-AVGNDS-GE100TI","years_DJF-SNOW-AVGNDS-GE100TI","DJF-SNOW-AVGNDS-GE200TI","meas_flag_DJF-SNOW-AVGNDS-GE200TI","comp_flag_DJF-SNOW-AVGNDS-GE200TI","years_DJF-SNOW-AVGNDS-GE200TI","DJF-SNWD-AVGNDS-GE001WI","meas_flag_DJF-SNWD-AVGNDS-GE001WI","comp_flag_DJF-SNWD-AVGNDS-GE001WI","years_DJF-SNWD-AVGNDS-GE001WI","DJF-SNWD-AVGNDS-GE002WI","meas_flag_DJF-SNWD-AVGNDS-GE002WI","comp_flag_DJF-SNWD-AVGNDS-GE002WI","years_DJF-SNWD-AVGNDS-GE002WI","DJF-SNWD-AVGNDS-GE003WI","meas_flag_DJF-SNWD-AVGNDS-GE003WI","comp_flag_DJF-SNWD-AVGNDS-GE003WI","years_DJF-SNWD-AVGNDS-GE003WI","DJF-SNWD-AVGNDS-GE004WI","meas_flag_DJF-SNWD-AVGNDS-GE004WI","comp_flag_DJF-SNWD-AVGNDS-GE004WI","years_DJF-SNWD-AVGNDS-GE004WI","DJF-SNWD-AVGNDS-GE005WI","meas_flag_DJF-SNWD-AVGNDS-GE005WI","comp_flag_DJF-SNWD-AVGNDS-GE005WI","years_DJF-SNWD-AVGNDS-GE005WI","DJF-SNWD-AVGNDS-GE010WI","meas_flag_DJF-SNWD-AVGNDS-GE010WI","comp_flag_DJF-SNWD-AVGNDS-GE010WI","years_DJF-SNWD-AVGNDS-GE010WI","DJF-SNWD-AVGNDS-GE020WI","meas_flag_DJF-SNWD-AVGNDS-GE020WI","comp_flag_DJF-SNWD-AVGNDS-GE020WI","years_DJF-SNWD-AVGNDS-GE020WI"
"USC00502785"," 58.1917","-136.3436","   6.1","ELFIN COVE, AK US","99","99","99","    42.8"," ","R","20","    38.4"," ","R","21","    47.1"," ","R","20","     8.7"," ","R","20","     0.0"," ","R","21","     0.6"," ","R","21","     8.7"," ","R","21","    83.2"," ","R","21","   203.3"," ","R","21","   331.1"," ","R","21","   365.0"," ","R","21","   365.0"," ","R","21","   347.5"," ","R","20","   281.3"," ","R","20","   156.5"," ","R","20","    33.4"," ","R","20","     3.7"," ","R","20","     0.0","X","R","20","     0.0"," ","R","20","     0.0"," ","R","20","    21.8"," ","R","20","  8083.0"," ","R","20","   925.2"," ","R","20","  1830.6"," ","R","20","  2992.8"," ","R","20","  4488.2"," ","R","20","  5184.1"," ","R","20","  6263.0"," ","R","20","     0.3"," ","R","20","  1967.5"," ","R","20","  1047.8"," ","R","20","   385.1"," ","R","20","    55.4"," ","R","20","    21.4"," ","R","20","     5.3"," ","R","20","     0.0"," ","R","20","     0.0"," ","R","20","     0.3"," ","R","20","  1967.5"," ","R","20","  1047.8"," ","R","20","   385.1"," ","R","20","    55.4"," ","R","20","    21.4"," ","R","20","     5.3"," ","R","20","     0.0"," ","R","20","     0.0"," ","R","20","  8083.0"," ","R","20","  6263.0"," ","R","20","    40.6"," ","S","25","    35.4"," ","S","25","    45.8"," ","S","25","    10.4"," ","S","25","     0.0"," ","S","25","     0.2"," ","S","25","     1.1"," ","S","25","    23.6"," ","S","25","    70.5"," ","S","25","    91.9"," ","S","25","    92.0"," ","S","25","    92.0"," ","S","25","    89.8"," ","S","25","    76.3"," ","S","25","    25.6"," ","S","25","     4.1"," ","S","25","     0.5"," ","S","25","     0.0"," ","S","25","     0.0"," ","S","25","     0.0"," ","S","25","     2.7"," ","S","25","  2243.2"," ","S","25","   200.3"," ","S","25","   482.0"," ","S","25","   879.4"," ","S","25","  1325.2"," ","S","25","  1507.9"," ","S","25","  1783.2"," ","S","25","     0.0"," ","S","25","   257.1"," ","S","25","    78.9"," ","S","25","    16.2"," ","S","25","     2.0"," ","S","25","     0.7"," ","S","25","     0.0","X","S","25","     0.0"," ","S","25","     0.0"," ","S","25","     0.0"," ","S","25","   257.1"," ","S","25","    78.9"," ","S","25","    16.2"," ","S","25","     2.0"," ","S","25","     0.7"," ","S","25","     0.0","X","S","25","     0.0"," ","S","25","     0.0"," ","S","25","  2243.2"," ","S","25","  1783.2"," ","S","25","    53.0"," ","S","27","    48.3"," ","S","27","    57.6"," ","S","28","     9.3"," ","S","27","     0.0"," ","S","27","     0.0"," ","S","27","     0.0"," ","S","27","     0.0"," ","S","27","     1.0"," ","S","27","    62.5"," ","S","27","    92.0"," ","S","27","    92.0"," ","S","27","    92.0"," ","S","28","    92.0"," ","S","28","    90.1"," ","S","28","    24.5"," ","S","28","     2.9"," ","S","28","     0.0","X","S","28","     0.0"," ","S","28","     0.0"," ","S","28","     0.0"," ","S","28","  1102.2"," ","S","27","     0.0","X","S","27","     0.9"," ","S","27","    28.1"," ","S","27","   227.9"," ","S","27","   384.0"," ","S","27","   646.8"," ","S","27","     0.3"," ","S","27","  1198.1"," ","S","27","   739.0"," ","S","27","   306.2"," ","S","27","    46.0"," ","S","27","    18.1"," ","S","27","     4.9"," ","S","27","     0.0"," ","S","27","     0.0"," ","S","27","     0.3"," ","S","27","  1198.1"," ","S","27","   739.0"," ","S","27","   306.2"," ","S","27","    46.0"," ","S","27","    18.1"," ","S","27","     4.9"," ","S","27","     0.0"," ","S","27","     0.0"," ","S","27","  1102.2"," ","S","27","   646.8"," ","S","27","    44.0"," ","R","20","    40.0"," ","R","21","    48.1"," ","R","20","     8.1"," ","R","20","     0.0"," ","R","21","     0.0"," ","R","21","     0.8"," ","R","21","    11.3"," ","R","21","    42.8"," ","R","21","    86.8"," ","R","21","    91.0"," ","R","21","    91.0"," ","R","21","    89.2"," ","R","20","    79.6"," ","R","20","    40.1"," ","R","20","     4.9"," ","R","20","     0.3"," ","R","20","     0.0"," ","R","20","     0.0"," ","R","20","     0.0"," ","R","20","     2.3"," ","R","20","  1904.9"," ","R","20","   129.4"," ","R","20","   314.4"," ","R","20","   602.5"," ","R","20","  1002.3"," ","R","20","  1179.5"," ","R","20","  1450.2"," ","R","20","     0.0"," ","R","20","   499.6"," ","R","20","   229.5"," ","R","20","    62.6"," ","R","20","     7.4"," ","R","20","     2.6"," ","R","20","     0.3"," ","R","20","     0.0"," ","R","20","     0.0"," ","R","20","     0.0"," ","R","20","   499.6"," ","R","20","   229.5"," ","R","20","    62.6"," ","R","20","     7.4"," ","R","20","     2.6"," ","R","20","     0.3"," ","R","20","     0.0"," ","R","20","     0.0"," ","R","20","  1904.9"," ","R","20","  1450.2"," ","R","20","    33.5"," ","S","24","    30.0"," ","S","24","    37.1"," ","S","24","     7.0"," ","S","24","     0.0"," ","S","24","     0.5"," ","S","24","     6.8"," ","S","24","    48.3"," ","S","24","    89.0"," ","S","24","    90.0"," ","S","24","    90.0"," ","S","24","    90.0"," ","S","24","    76.5"," ","S","24","    33.5"," ","S","24","     0.7"," ","S","24","     0.0"," ","S","24","     0.0"," ","S","24","     0.0"," ","S","24","     0.0"," ","S","24","     0.0"," ","S","24","    16.8"," ","S","24","  2832.8"," ","S","24","   595.5"," ","S","24","  1033.2"," ","S","24","  1482.8"," ","S","24","  1932.8"," ","S","24","  2112.8"," ","S","24","  2382.8"," ","S","24","     0.0"," ","S","24","    12.7"," ","S","24","     0.4"," ","S","24","     0.0","X","S","24","     0.0"," ","S","24","     0.0"," ","S","24","     0.0"," ","S","24","     0.0"," ","S","24","     0.0"," ","S","24","     0.0"," ","S","24","    12.7"," ","S","24","     0.4"," ","S","24","     0.0","X","S","24","     0.0"," ","S","24","     0.0"," ","S","24","     0.0"," ","S","24","     0.0"," ","S","24","     0.0"," ","S","24","  2832.8"," ","S","24","  2382.8"," ","S","24","    75.6"," ","R","29","    96.5"," ","R","29","   100.0"," ","R","29","   100.0"," ","R","29","   100.0"," ","R","29","   100.0"," ","R","29","   12/03"," ","R","29","   12/15"," ","R","29","   12/30"," ","R","29","   01/05"," ","R","29","   01/12"," ","R","29","   01/20"," ","R","29","   01/26"," ","R","29","   02/05"," ","R","29","   02/25"," ","R","29","   11/22"," ","R","29","   11/29"," ","R","29","   12/06"," ","R","29","   12/15"," ","R","29","   12/25"," ","R","29","   01/01"," ","R","29","   01/09"," ","R","29","   01/17"," ","R","29","   01/31"," ","R","29","   11/14"," ","R","29","   11/20"," ","R","29","   11/25"," ","R","29","   11/29"," ","R","29","   12/03"," ","R","29","   12/09"," ","R","29","   12/16"," ","R","29","   12/26"," ","R","29","   01/05"," ","R","29","   11/01"," ","R","29","   11/07"," ","R","29","   11/11"," ","R","29","   11/15"," ","R","29","   11/19"," ","R","29","   11/22"," ","R","29","   11/25"," ","R","29","   11/30"," ","R","29","   12/09"," ","R","29","   10/15"," ","R","29","   10/21"," ","R","29","   10/25"," ","R","29","   10/29"," ","R","29","   11/01"," ","R","29","   11/04"," ","R","29","   11/07"," ","R","29","   11/12"," ","R","29","   11/18"," ","R","29","   09/30"," ","R","29","   10/04"," ","R","29","   10/08"," ","R","29","   10/11"," ","R","29","   10/14"," ","R","29","   10/18"," ","R","29","   10/20"," ","R","29","   10/24"," ","R","29","   10/29"," ","R","29","   03/15"," ","R","29","   03/07"," ","R","29","   02/28"," ","R","29","   02/17"," ","R","29","   02/08"," ","R","29","   02/01"," ","R","29","   01/25"," ","R","29","   01/15"," ","R","29","   01/02"," ","R","29","   03/21"," ","R","29","   03/15"," ","R","29","   03/10"," ","R","29","   03/05"," ","R","29","   03/01"," ","R","29","   02/23"," ","R","29","   02/12"," ","R","29","   02/03"," ","R","29","   01/19"," ","R","29","   03/29"," ","R","29","   03/23"," ","R","29","   03/19"," ","R","29","   03/16"," ","R","29","   03/12"," ","R","29","   03/09"," ","R","29","   03/05"," ","R","29","   02/28"," ","R","29","   02/15"," ","R","29","   04/16"," ","R","29","   04/10"," ","R","29","   04/04"," ","R","29","   04/01"," ","R","29","   03/30"," ","R","29","   03/26"," ","R","29","   03/21"," ","R","29","   03/16"," ","R","29","   03/10"," ","R","29","   05/08"," ","R","29","   05/04"," ","R","29","   05/01"," ","R","29","   04/29"," ","R","29","   04/26"," ","R","29","   04/23"," ","R","29","   04/19"," ","R","29","   04/14"," ","R","29","   04/08"," ","R","29","   05/29"," ","R","29","   05/24"," ","R","29","   05/20"," ","R","29","   05/18"," ","R","29","   05/15"," ","R","29","   05/12"," ","R","29","   05/09"," ","R","29","   05/04"," ","R","29","   04/30"," ","R","29","   365.0"," ","R","29","   365.0"," ","R","29","   358.0"," ","R","29","   341.0"," ","R","29","   332.0"," ","R","29","   323.0"," ","R","29","   310.0"," ","R","29","   300.0"," ","R","29","   288.0"," ","R","29","   341.0"," ","R","29","   326.0"," ","R","29","   314.0"," ","R","29","   304.0"," ","R","29","   297.0"," ","R","29","   291.0"," ","R","29","   283.0"," ","R","29","   274.0"," ","R","29","   260.0"," ","R","29","   302.0"," ","R","29","   290.0"," ","R","29","   281.0"," ","R","29","   274.0"," ","R","29","   267.0"," ","R","29","   260.0"," ","R","29","   253.0"," ","R","29","   247.0"," ","R","29","   238.0"," ","R","29","   263.0"," ","R","29","   252.0"," ","R","29","   245.0"," ","R","29","   239.0"," ","R","29","   234.0"," ","R","29","   229.0"," ","R","29","   224.0"," ","R","29","   218.0"," ","R","29","   210.0"," ","R","29","   214.0"," ","R","29","   205.0"," ","R","29","   198.0"," ","R","29","   192.0"," ","R","29","   188.0"," ","R","29","   183.0"," ","R","29","   178.0"," ","R","29","   173.0"," ","R","29","   166.0"," ","R","29","   173.0"," ","R","29","   165.0"," ","R","29","   160.0"," ","R","29","   155.0"," ","R","29","   151.0"," ","R","29","   147.0"," ","R","29","   142.0"," ","R","29","   137.0"," ","R","29","   130.0"," ","R","29","  104.04"," ","R","18","   18.34"," ","R","23","   16.40"," ","S","27","   38.97"," ","R","18","   30.33"," ","R","21","   110.0"," ","P","20","    22.5"," ","P","22","     0.0"," ","S","28","    17.3"," ","P","21","    70.2"," ","P","20","   247.1"," ","P","18","   183.7"," ","P","18","   124.9"," ","P","18","    70.2"," ","P","18","    25.4"," ","P","18","     4.1"," ","P","18","     0.2"," ","P","18","     0.1"," ","P","18","    44.9"," ","P","22","    25.2"," ","P","22","    17.7"," ","P","22","    11.7"," ","P","22","     8.9"," ","P","22","     6.4"," ","P","22","     2.0"," ","P","22","     0.1"," ","P","22","    80.5"," ","P","22","    73.2"," ","P","22","    66.1"," ","P","22","    60.6"," ","P","22","    54.9"," ","P","22","    38.4"," ","P","22","    16.8"," ","P","22","    54.0"," ","S","25","    38.4"," ","S","25","    23.9"," ","S","25","    11.0"," ","S","25","     3.0"," ","S","25","     0.6"," ","S","25","     0.0"," ","S","25","     0.0"," ","S","25","    10.1"," ","S","25","     5.3"," ","S","25","     3.2"," ","S","25","     2.2"," ","S","25","     1.5"," ","S","25","     1.2"," ","S","25","     0.3"," ","S","25","     0.0","X","S","25","    18.3"," ","S","24","    16.9"," ","S","24","    14.7"," ","S","24","    13.3"," ","S","24","    11.8"," ","S","24","     7.5"," ","S","24","     4.4"," ","S","24","    58.5"," ","S","28","    37.7"," ","S","28","    21.6"," ","S","28","     9.5"," ","S","28","     2.6"," ","S","28","     0.3"," ","S","28","     0.0"," ","S","28","     0.0"," ","S","28","     0.0"," ","S","28","     0.0"," ","S","28","     0.0"," ","S","28","     0.0"," ","S","28","     0.0"," ","S","28","     0.0"," ","S","28","     0.0"," ","S","28","     0.0"," ","S","28","     0.0"," ","S","28","     0.0"," ","S","28","     0.0"," ","S","28","     0.0"," ","S","28","     0.0"," ","S","28","     0.0"," ","S","28","     0.0"," ","S","28","    67.7"," ","P","18","    55.1"," ","P","18","    43.1"," ","P","18","    28.6"," ","P","18","    10.9"," ","P","18","     2.0"," ","P","18","     0.1"," ","P","18","     0.1"," ","P","18","     6.6"," ","P","23","     3.4"," ","P","23","     2.5"," ","P","23","     1.6"," ","P","23","     1.4"," ","P","23","     1.0"," ","P","23","     0.3"," ","P","23","     0.0","X","P","23","     7.3"," ","P","22","     6.0"," ","P","22","     5.2"," ","P","22","     4.8"," ","P","22","     4.2"," ","P","22","     2.7"," ","P","22","     1.2"," ","P","22","    66.9"," ","P","22","    52.5"," ","P","22","    36.3"," ","P","22","    21.1"," ","P","22","     8.9"," ","P","22","     1.2"," ","P","22","     0.1"," ","P","22","     0.0"," ","P","22","    28.2"," ","P","22","    16.5"," ","P","22","    12.0"," ","P","22","     7.9"," ","P","22","     6.0"," ","P","22","     4.2"," ","P","22","     1.4"," ","P","22","     0.1"," ","P","22","    54.9"," ","P","23","    50.3"," ","P","23","    46.2"," ","P","23","    42.5"," ","P","23","    38.9"," ","P","23","    28.2"," ","P","23","    11.2"," ","P","23"
