"STATION","LATITUDE","LONGITUDE","ELEVATION","NAME","month","day","hour","ANN-TAVG-NORMAL","meas_flag_ANN-TAVG-NORMAL","comp_flag_ANN-TAVG-NORMAL","years_ANN-TAVG-NORMAL","ANN-TMIN-NORMAL","meas_flag_ANN-TMIN-NORMAL","comp_flag_ANN-TMIN-NORMAL","years_ANN-TMIN-NORMAL","ANN-TMAX-NORMAL","meas_flag_ANN-TMAX-NORMAL","comp_flag_ANN-TMAX-NORMAL","years_ANN-TMAX-NORMAL","ANN-DUTR-NORMAL","meas_flag_ANN-DUTR-NORMAL","comp_flag_ANN-DUTR-NORMAL","years_ANN-DUTR-NORMAL","ANN-TMIN-AVGNDS-LSTH000","meas_flag_ANN-TMIN-AVGNDS-LSTH000","comp_flag_ANN-TMIN-AVGNDS-LSTH000","years_ANN-TMIN-AVGNDS-LSTH000","ANN-TMIN-AVGNDS-LSTH010","meas_flag_ANN-TMIN-AVGNDS-LSTH010","comp_flag_ANN-TMIN-AVGNDS-LSTH010","years_ANN-TMIN-AVGNDS-LSTH010","ANN-TMIN-AVGNDS-LSTH020","meas_flag_ANN-TMIN-AVGNDS-LSTH020","comp_flag_ANN-TMIN-AVGNDS-LSTH020","years_ANN-TMIN-AVGNDS-LSTH020","ANN-TMIN-AVGNDS-LSTH032","meas_flag_ANN-TMIN-AVGNDS-LSTH032","comp_flag_ANN-TMIN-AVGNDS-LSTH032","years_ANN-TMIN-AVGNDS-LSTH032","ANN-TMIN-AVGNDS-LSTH040","meas_flag_ANN-TMIN-AVGNDS-LSTH040","comp_flag_ANN-TMIN-AVGNDS-LSTH040","years_ANN-TMIN-AVGNDS-LSTH040","ANN-TMIN-AVGNDS-LSTH050","meas_flag_ANN-TMIN-AVGNDS-LSTH050","comp_flag_ANN-TMIN-AVGNDS-LSTH050","years_ANN-TMIN-AVGNDS-LSTH050","ANN-TMIN-AVGNDS-LSTH060","meas_flag_ANN-TMIN-AVGNDS-LSTH060","comp_flag_ANN-TMIN-AVGNDS-LSTH060","years_ANN-TMIN-AVGNDS-LSTH060","ANN-TMIN-AVGNDS-LSTH070","meas_flag_ANN-TMIN-AVGNDS-LSTH070","comp_flag_ANN-TMIN-AVGNDS-LSTH070","years_ANN-TMIN-AVGNDS-LSTH070","ANN-TMAX-AVGNDS-GRTH032","meas_flag_ANN-TMAX-AVGNDS-GRTH032","comp_flag_ANN-TMAX-AVGNDS-GRTH032","years_ANN-TMAX-AVGNDS-GRTH032","ANN-TMAX-AVGNDS-GRTH040","meas_flag_ANN-TMAX-AVGNDS-GRTH040","comp_flag_ANN-TMAX-AVGNDS-GRTH040","years_ANN-TMAX-AVGNDS-GRTH040","ANN-TMAX-AVGNDS-GRTH050","meas_flag_ANN-TMAX-AVGNDS-GRTH050","comp_flag_ANN-TMAX-AVGNDS-GRTH050","years_ANN-TMAX-AVGNDS-GRTH050","ANN-TMAX-AVGNDS-GRTH060","meas_flag_ANN-TMAX-AVGNDS-GRTH060","comp_flag_ANN-TMAX-AVGNDS-GRTH060","years_ANN-TMAX-AVGNDS-GRTH060","ANN-TMAX-AVGNDS-GRTH070","meas_flag_ANN-TMAX-AVGNDS-GRTH070","comp_flag_ANN-TMAX-AVGNDS-GRTH070","years_ANN-TMAX-AVGNDS-GRTH070","ANN-TMAX-AVGNDS-GRTH080","meas_flag_ANN-TMAX-AVGNDS-GRTH080","comp_flag_ANN-TMAX-AVGNDS-GRTH080","years_ANN-TMAX-AVGNDS-GRTH080","ANN-TMAX-AVGNDS-GRTH090","meas_flag_ANN-TMAX-AVGNDS-GRTH090","comp_flag_ANN-TMAX-AVGNDS-GRTH090","years_ANN-TMAX-AVGNDS-GRTH090","ANN-TMAX-AVGNDS-GRTH100","meas_flag_ANN-TMAX-AVGNDS-GRTH100","comp_flag_ANN-TMAX-AVGNDS-GRTH100","years_ANN-TMAX-AVGNDS-GRTH100","ANN-TMAX-AVGNDS-LSTH032","meas_flag_ANN-TMAX-AVGNDS-LSTH032","comp_flag_ANN-TMAX-AVGNDS-LSTH032","years_ANN-TMAX-AVGNDS-LSTH032","ANN-HTDD-NORMAL","meas_flag_ANN-HTDD-NORMAL","comp_flag_ANN-HTDD-NORMAL","years_ANN-HTDD-NORMAL","ANN-HTDD-BASE40","meas_flag_ANN-HTDD-BASE40","comp_flag_ANN-HTDD-BASE40","years_ANN-HTDD-BASE40","ANN-HTDD-BASE45","meas_flag_ANN-HTDD-BASE45","comp_flag_ANN-HTDD-BASE45","years_ANN-HTDD-BASE45","ANN-HTDD-BASE50","meas_flag_ANN-HTDD-BASE50","comp_flag_ANN-HTDD-BASE50","years_ANN-HTDD-BASE50","ANN-HTDD-BASE55","meas_flag_ANN-HTDD-BASE55","comp_flag_ANN-HTDD-BASE55","years_ANN-HTDD-BASE55","ANN-HTDD-BASE57","meas_flag_ANN-HTDD-BASE57","comp_flag_ANN-HTDD-BASE57","years_ANN-HTDD-BASE57","ANN-HTDD-BASE60","meas_flag_ANN-HTDD-BASE60","comp_flag_ANN-HTDD-BASE60","years_ANN-HTDD-BASE60","ANN-CLDD-NORMAL","meas_flag_ANN-CLDD-NORMAL","comp_flag_ANN-CLDD-NORMAL","years_ANN-CLDD-NORMAL","ANN-CLDD-BASE40","meas_flag_ANN-CLDD-BASE40","comp_flag_ANN-CLDD-BASE40","years_ANN-CLDD-BASE40","ANN-CLDD-BASE45","meas_flag_ANN-CLDD-BASE45","comp_flag_ANN-CLDD-BASE45","years_ANN-CLDD-BASE45","ANN-CLDD-BASE50","meas_flag_ANN-CLDD-BASE50","comp_flag_ANN-CLDD-BASE50","years_ANN-CLDD-BASE50","ANN-CLDD-BASE55","meas_flag_ANN-CLDD-BASE55","comp_flag_ANN-CLDD-BASE55","years_ANN-CLDD-BASE55","ANN-CLDD-BASE57","meas_flag_ANN-CLDD-BASE57","comp_flag_ANN-CLDD-BASE57","years_ANN-CLDD-BASE57","ANN-CLDD-BASE60","meas_flag_ANN-CLDD-BASE60","comp_flag_ANN-CLDD-BASE60","years_ANN-CLDD-BASE60","ANN-CLDD-BASE70","meas_flag_ANN-CLDD-BASE70","comp_flag_ANN-CLDD-BASE70","years_ANN-CLDD-BASE70","ANN-CLDD-BASE72","meas_flag_ANN-CLDD-BASE72","comp_flag_ANN-CLDD-BASE72","years_ANN-CLDD-BASE72","ANN-GRDD-BASE65","meas_flag_ANN-GRDD-BASE65","comp_flag_ANN-GRDD-BASE65","years_ANN-GRDD-BASE65","ANN-GRDD-BASE40","meas_flag_ANN-GRDD-BASE40","comp_flag_ANN-GRDD-BASE40","years_ANN-GRDD-BASE40","ANN-GRDD-BASE45","meas_flag_ANN-GRDD-BASE45","comp_flag_ANN-GRDD-BASE45","years_ANN-GRDD-BASE45","ANN-GRDD-BASE50","meas_flag_ANN-GRDD-BASE50","comp_flag_ANN-GRDD-BASE50","years_ANN-GRDD-BASE50","ANN-GRDD-BASE55","meas_flag_ANN-GRDD-BASE55","comp_flag_ANN-GRDD-BASE55","years_ANN-GRDD-BASE55","ANN-GRDD-BASE57","meas_flag_ANN-GRDD-BASE57","comp_flag_ANN-GRDD-BASE57","years_ANN-GRDD-BASE57","ANN-GRDD-BASE60","meas_flag_ANN-GRDD-BASE60","comp_flag_ANN-GRDD-BASE60","years_ANN-GRDD-BASE60","ANN-GRDD-BASE70","meas_flag_ANN-GRDD-BASE70","comp_flag_ANN-GRDD-BASE70","years_ANN-GRDD-BASE70","ANN-GRDD-BASE72","meas_flag_ANN-GRDD-BASE72","comp_flag_ANN-GRDD-BASE72","years_ANN-GRDD-BASE72","ANN-GRDD-TB4886","meas_flag_ANN-GRDD-TB4886","comp_flag_ANN-GRDD-TB4886","years_ANN-GRDD-TB4886","ANN-GRDD-TB5086","meas_flag_ANN-GRDD-TB5086","comp_flag_ANN-GRDD-TB5086","years_ANN-GRDD-TB5086","MAM-TAVG-NORMAL","meas_flag_MAM-TAVG-NORMAL","comp_flag_MAM-TAVG-NORMAL","years_MAM-TAVG-NORMAL","MAM-TMIN-NORMAL","meas_flag_MAM-TMIN-NORMAL","comp_flag_MAM-TMIN-NORMAL","years_MAM-TMIN-NORMAL","MAM-TMAX-NORMAL","meas_flag_MAM-TMAX-NORMAL","comp_flag_MAM-TMAX-NORMAL","years_MAM-TMAX-NORMAL","MAM-DUTR-NORMAL","meas_flag_MAM-DUTR-NORMAL","comp_flag_MAM-DUTR-NORMAL","years_MAM-DUTR-NORMAL","MAM-TMIN-AVGNDS-LSTH000","meas_flag_MAM-TMIN-AVGNDS-LSTH000","comp_flag_MAM-TMIN-AVGNDS-LSTH000","years_MAM-TMIN-AVGNDS-LSTH000","MAM-TMIN-AVGNDS-LSTH010","meas_flag_MAM-TMIN-AVGNDS-LSTH010","comp_flag_MAM-TMIN-AVGNDS-LSTH010","years_MAM-TMIN-AVGNDS-LSTH010","MAM-TMIN-AVGNDS-LSTH020","meas_flag_MAM-TMIN-AVGNDS-LSTH020","comp_flag_MAM-TMIN-AVGNDS-LSTH020","years_MAM-TMIN-AVGNDS-LSTH020","MAM-TMIN-AVGNDS-LSTH032","meas_flag_MAM-TMIN-AVGNDS-LSTH032","comp_flag_MAM-TMIN-AVGNDS-LSTH032","years_MAM-TMIN-AVGNDS-LSTH032","MAM-TMIN-AVGNDS-LSTH040","meas_flag_MAM-TMIN-AVGNDS-LSTH040","comp_flag_MAM-TMIN-AVGNDS-LSTH040","years_MAM-TMIN-AVGNDS-LSTH040","MAM-TMIN-AVGNDS-LSTH050","meas_flag_MAM-TMIN-AVGNDS-LSTH050","comp_flag_MAM-TMIN-AVGNDS-LSTH050","years_MAM-TMIN-AVGNDS-LSTH050","MAM-TMIN-AVGNDS-LSTH060","meas_flag_MAM-TMIN-AVGNDS-LSTH060","comp_flag_MAM-TMIN-AVGNDS-LSTH060","years_MAM-TMIN-AVGNDS-LSTH060","MAM-TMIN-AVGNDS-LSTH070","meas_flag_MAM-TMIN-AVGNDS-LSTH070","comp_flag_MAM-TMIN-AVGNDS-LSTH070","years_MAM-TMIN-AVGNDS-LSTH070","MAM-TMAX-AVGNDS-GRTH032","meas_flag_MAM-TMAX-AVGNDS-GRTH032","comp_flag_MAM-TMAX-AVGNDS-GRTH032","years_MAM-TMAX-AVGNDS-GRTH032","MAM-TMAX-AVGNDS-GRTH040","meas_flag_MAM-TMAX-AVGNDS-GRTH040","comp_flag_MAM-TMAX-AVGNDS-GRTH040","years_MAM-TMAX-AVGNDS-GRTH040","MAM-TMAX-AVGNDS-GRTH050","meas_flag_MAM-TMAX-AVGNDS-GRTH050","comp_flag_MAM-TMAX-AVGNDS-GRTH050","years_MAM-TMAX-AVGNDS-GRTH050","MAM-TMAX-AVGNDS-GRTH060","meas_flag_MAM-TMAX-AVGNDS-GRTH060","comp_flag_MAM-TMAX-AVGNDS-GRTH060","years_MAM-TMAX-AVGNDS-GRTH060","MAM-TMAX-AVGNDS-GRTH070","meas_flag_MAM-TMAX-AVGNDS-GRTH070","comp_flag_MAM-TMAX-AVGNDS-GRTH070","years_MAM-TMAX-AVGNDS-GRTH070","MAM-TMAX-AVGNDS-GRTH080","meas_flag_MAM-TMAX-AVGNDS-GRTH080","comp_flag_MAM-TMAX-AVGNDS-GRTH080","years_MAM-TMAX-AVGNDS-GRTH080","MAM-TMAX-AVGNDS-GRTH090","meas_flag_MAM-TMAX-AVGNDS-GRTH090","comp_flag_MAM-TMAX-AVGNDS-GRTH090","years_MAM-TMAX-AVGNDS-GRTH090","MAM-TMAX-AVGNDS-GRTH100","meas_flag_MAM-TMAX-AVGNDS-GRTH100","comp_flag_MAM-TMAX-AVGNDS-GRTH100","years_MAM-TMAX-AVGNDS-GRTH100","MAM-TMAX-AVGNDS-LSTH032","meas_flag_MAM-TMAX-AVGNDS-LSTH032","comp_flag_MAM-TMAX-AVGNDS-LSTH032","years_MAM-TMAX-AVGNDS-LSTH032","MAM-HTDD-NORMAL","meas_flag_MAM-HTDD-NORMAL","comp_flag_MAM-HTDD-NORMAL","years_MAM-HTDD-NORMAL","MAM-HTDD-BASE40","meas_flag_MAM-HTDD-BASE40","comp_flag_MAM-HTDD-BASE40","years_MAM-HTDD-BASE40","MAM-HTDD-BASE45","meas_flag_MAM-HTDD-BASE45","comp_flag_MAM-HTDD-BASE45","years_MAM-HTDD-BASE45","MAM-HTDD-BASE50","meas_flag_MAM-HTDD-BASE50","comp_flag_MAM-HTDD-BASE50","years_MAM-HTDD-BASE50","MAM-HTDD-BASE55","meas_flag_MAM-HTDD-BASE55","comp_flag_MAM-HTDD-BASE55","years_MAM-HTDD-BASE55","MAM-HTDD-BASE57","meas_flag_MAM-HTDD-BASE57","comp_flag_MAM-HTDD-BASE57","years_MAM-HTDD-BASE57","MAM-HTDD-BASE60","meas_flag_MAM-HTDD-BASE60","comp_flag_MAM-HTDD-BASE60","years_MAM-HTDD-BASE60","MAM-CLDD-NORMAL","meas_flag_MAM-CLDD-NORMAL","comp_flag_MAM-CLDD-NORMAL","years_MAM-CLDD-NORMAL","MAM-CLDD-BASE40","meas_flag_MAM-CLDD-BASE40","comp_flag_MAM-CLDD-BASE40","years_MAM-CLDD-BASE40","MAM-CLDD-BASE45","meas_flag_MAM-CLDD-BASE45","comp_flag_MAM-CLDD-BASE45","years_MAM-CLDD-BASE45","MAM-CLDD-BASE50","meas_flag_MAM-CLDD-BASE50","comp_flag_MAM-CLDD-BASE50","years_MAM-CLDD-BASE50","MAM-CLDD-BASE55","meas_flag_MAM-CLDD-BASE55","comp_flag_MAM-CLDD-BASE55","years_MAM-CLDD-BASE55","MAM-CLDD-BASE57","meas_flag_MAM-CLDD-BASE57","comp_flag_MAM-CLDD-BASE57","years_MAM-CLDD-BASE57","MAM-CLDD-BASE60","meas_flag_MAM-CLDD-BASE60","comp_flag_MAM-CLDD-BASE60","years_MAM-CLDD-BASE60","MAM-CLDD-BASE70","meas_flag_MAM-CLDD-BASE70","comp_flag_MAM-CLDD-BASE70","years_MAM-CLDD-BASE70","MAM-CLDD-BASE72","meas_flag_MAM-CLDD-BASE72","comp_flag_MAM-CLDD-BASE72","years_MAM-CLDD-BASE72","MAM-GRDD-BASE65","meas_flag_MAM-GRDD-BASE65","comp_flag_MAM-GRDD-BASE65","years_MAM-GRDD-BASE65","MAM-GRDD-BASE40","meas_flag_MAM-GRDD-BASE40","comp_flag_MAM-GRDD-BASE40","years_MAM-GRDD-BASE40","MAM-GRDD-BASE45","meas_flag_MAM-GRDD-BASE45","comp_flag_MAM-GRDD-BASE45","years_MAM-GRDD-BASE45","MAM-GRDD-BASE50","meas_flag_MAM-GRDD-BASE50","comp_flag_MAM-GRDD-BASE50","years_MAM-GRDD-BASE50","MAM-GRDD-BASE55","meas_flag_MAM-GRDD-BASE55","comp_flag_MAM-GRDD-BASE55","years_MAM-GRDD-BASE55","MAM-GRDD-BASE57","meas_flag_MAM-GRDD-BASE57","comp_flag_MAM-GRDD-BASE57","years_MAM-GRDD-BASE57","MAM-GRDD-BASE60","meas_flag_MAM-GRDD-BASE60","comp_flag_MAM-GRDD-BASE60","years_MAM-GRDD-BASE60","MAM-GRDD-BASE70","meas_flag_MAM-GRDD-BASE70","comp_flag_MAM-GRDD-BASE70","years_MAM-GRDD-BASE70","MAM-GRDD-BASE72","meas_flag_MAM-GRDD-BASE72","comp_flag_MAM-GRDD-BASE72","years_MAM-GRDD-BASE72","MAM-GRDD-TB4886","meas_flag_MAM-GRDD-TB4886","comp_flag_MAM-GRDD-TB4886","years_MAM-GRDD-TB4886","MAM-GRDD-TB5086","meas_flag_MAM-GRDD-TB5086","comp_flag_MAM-GRDD-TB5086","years_MAM-GRDD-TB5086","JJA-TAVG-NORMAL","meas_flag_JJA-TAVG-NORMAL","comp_flag_JJA-TAVG-NORMAL","years_JJA-TAVG-NORMAL","JJA-TMIN-NORMAL","meas_flag_JJA-TMIN-NORMAL","comp_flag_JJA-TMIN-NORMAL","years_JJA-TMIN-NORMAL","JJA-TMAX-NORMAL","meas_flag_JJA-TMAX-NORMAL","comp_flag_JJA-TMAX-NORMAL","years_JJA-TMAX-NORMAL","JJA-DUTR-NORMAL","meas_flag_JJA-DUTR-NORMAL","comp_flag_JJA-DUTR-NORMAL","years_JJA-DUTR-NORMAL","JJA-TMIN-AVGNDS-LSTH000","meas_flag_JJA-TMIN-AVGNDS-LSTH000","comp_flag_JJA-TMIN-AVGNDS-LSTH000","years_JJA-TMIN-AVGNDS-LSTH000","JJA-TMIN-AVGNDS-LSTH010","meas_flag_JJA-TMIN-AVGNDS-LSTH010","comp_flag_JJA-TMIN-AVGNDS-LSTH010","years_JJA-TMIN-AVGNDS-LSTH010","JJA-TMIN-AVGNDS-LSTH020","meas_flag_JJA-TMIN-AVGNDS-LSTH020","comp_flag_JJA-TMIN-AVGNDS-LSTH020","years_JJA-TMIN-AVGNDS-LSTH020","JJA-TMIN-AVGNDS-LSTH032","meas_flag_JJA-TMIN-AVGNDS-LSTH032","comp_flag_JJA-TMIN-AVGNDS-LSTH032","years_JJA-TMIN-AVGNDS-LSTH032","JJA-TMIN-AVGNDS-LSTH040","meas_flag_JJA-TMIN-AVGNDS-LSTH040","comp_flag_JJA-TMIN-AVGNDS-LSTH040","years_JJA-TMIN-AVGNDS-LSTH040","JJA-TMIN-AVGNDS-LSTH050","meas_flag_JJA-TMIN-AVGNDS-LSTH050","comp_flag_JJA-TMIN-AVGNDS-LSTH050","years_JJA-TMIN-AVGNDS-LSTH050","JJA-TMIN-AVGNDS-LSTH060","meas_flag_JJA-TMIN-AVGNDS-LSTH060","comp_flag_JJA-TMIN-AVGNDS-LSTH060","years_JJA-TMIN-AVGNDS-LSTH060","JJA-TMIN-AVGNDS-LSTH070","meas_flag_JJA-TMIN-AVGNDS-LSTH070","comp_flag_JJA-TMIN-AVGNDS-LSTH070","years_JJA-TMIN-AVGNDS-LSTH070","JJA-TMAX-AVGNDS-GRTH032","meas_flag_JJA-TMAX-AVGNDS-GRTH032","comp_flag_JJA-TMAX-AVGNDS-GRTH032","years_JJA-TMAX-AVGNDS-GRTH032","JJA-TMAX-AVGNDS-GRTH040","meas_flag_JJA-TMAX-AVGNDS-GRTH040","comp_flag_JJA-TMAX-AVGNDS-GRTH040","years_JJA-TMAX-AVGNDS-GRTH040","JJA-TMAX-AVGNDS-GRTH050","meas_flag_JJA-TMAX-AVGNDS-GRTH050","comp_flag_JJA-TMAX-AVGNDS-GRTH050","years_JJA-TMAX-AVGNDS-GRTH050","JJA-TMAX-AVGNDS-GRTH060","meas_flag_JJA-TMAX-AVGNDS-GRTH060","comp_flag_JJA-TMAX-AVGNDS-GRTH060","years_JJA-TMAX-AVGNDS-GRTH060","JJA-TMAX-AVGNDS-GRTH070","meas_flag_JJA-TMAX-AVGNDS-GRTH070","comp_flag_JJA-TMAX-AVGNDS-GRTH070","years_JJA-TMAX-AVGNDS-GRTH070","JJA-TMAX-AVGNDS-GRTH080","meas_flag_JJA-TMAX-AVGNDS-GRTH080","comp_flag_JJA-TMAX-AVGNDS-GRTH080","years_JJA-TMAX-AVGNDS-GRTH080","JJA-TMAX-AVGNDS-GRTH090","meas_flag_JJA-TMAX-AVGNDS-GRTH090","comp_flag_JJA-TMAX-AVGNDS-GRTH090","years_JJA-TMAX-AVGNDS-GRTH090","JJA-TMAX-AVGNDS-GRTH100","meas_flag_JJA-TMAX-AVGNDS-GRTH100","comp_flag_JJA-TMAX-AVGNDS-GRTH100","years_JJA-TMAX-AVGNDS-GRTH100","JJA-TMAX-AVGNDS-LSTH032","meas_flag_JJA-TMAX-AVGNDS-LSTH032","comp_flag_JJA-TMAX-AVGNDS-LSTH032","years_JJA-TMAX-AVGNDS-LSTH032","JJA-HTDD-NORMAL","meas_flag_JJA-HTDD-NORMAL","comp_flag_JJA-HTDD-NORMAL","years_JJA-HTDD-NORMAL","JJA-HTDD-BASE40","meas_flag_JJA-HTDD-BASE40","comp_flag_JJA-HTDD-BASE40","years_JJA-HTDD-BASE40","JJA-HTDD-BASE45","meas_flag_JJA-HTDD-BASE45","comp_flag_JJA-HTDD-BASE45","years_JJA-HTDD-BASE45","JJA-HTDD-BASE50","meas_flag_JJA-HTDD-BASE50","comp_flag_JJA-HTDD-BASE50","years_JJA-HTDD-BASE50","JJA-HTDD-BASE55","meas_flag_JJA-HTDD-BASE55","comp_flag_JJA-HTDD-BASE55","years_JJA-HTDD-BASE55","JJA-HTDD-BASE57","meas_flag_JJA-HTDD-BASE57","comp_flag_JJA-HTDD-BASE57","years_JJA-HTDD-BASE57","JJA-HTDD-BASE60","meas_flag_JJA-HTDD-BASE60","comp_flag_JJA-HTDD-BASE60","years_JJA-HTDD-BASE60","JJA-CLDD-NORMAL","meas_flag_JJA-CLDD-NORMAL","comp_flag_JJA-CLDD-NORMAL","years_JJA-CLDD-NORMAL","JJA-CLDD-BASE40","meas_flag_JJA-CLDD-BASE40","comp_flag_JJA-CLDD-BASE40","years_JJA-CLDD-BASE40","JJA-CLDD-BASE45","meas_flag_JJA-CLDD-BASE45","comp_flag_JJA-CLDD-BASE45","years_JJA-CLDD-BASE45","JJA-CLDD-BASE50","meas_flag_JJA-CLDD-BASE50","comp_flag_JJA-CLDD-BASE50","years_JJA-CLDD-BASE50","JJA-CLDD-BASE55","meas_flag_JJA-CLDD-BASE55","comp_flag_JJA-CLDD-BASE55","years_JJA-CLDD-BASE55","JJA-CLDD-BASE57","meas_flag_JJA-CLDD-BASE57","comp_flag_JJA-CLDD-BASE57","years_JJA-CLDD-BASE57","JJA-CLDD-BASE60","meas_flag_JJA-CLDD-BASE60","comp_flag_JJA-CLDD-BASE60","years_JJA-CLDD-BASE60","JJA-CLDD-BASE70","meas_flag_JJA-CLDD-BASE70","comp_flag_JJA-CLDD-BASE70","years_JJA-CLDD-BASE70","JJA-CLDD-BASE72","meas_flag_JJA-CLDD-BASE72","comp_flag_JJA-CLDD-BASE72","years_JJA-CLDD-BASE72","JJA-GRDD-BASE65","meas_flag_JJA-GRDD-BASE65","comp_flag_JJA-GRDD-BASE65","years_JJA-GRDD-BASE65","JJA-GRDD-BASE40","meas_flag_JJA-GRDD-BASE40","comp_flag_JJA-GRDD-BASE40","years_JJA-GRDD-BASE40","JJA-GRDD-BASE45","meas_flag_JJA-GRDD-BASE45","comp_flag_JJA-GRDD-BASE45","years_JJA-GRDD-BASE45","JJA-GRDD-BASE50","meas_flag_JJA-GRDD-BASE50","comp_flag_JJA-GRDD-BASE50","years_JJA-GRDD-BASE50","JJA-GRDD-BASE55","meas_flag_JJA-GRDD-BASE55","comp_flag_JJA-GRDD-BASE55","years_JJA-GRDD-BASE55","JJA-GRDD-BASE57","meas_flag_JJA-GRDD-BASE57","comp_flag_JJA-GRDD-BASE57","years_JJA-GRDD-BASE57","JJA-GRDD-BASE60","meas_flag_JJA-GRDD-BASE60","comp_flag_JJA-GRDD-BASE60","years_JJA-GRDD-BASE60","JJA-GRDD-BASE70","meas_flag_JJA-GRDD-BASE70","comp_flag_JJA-GRDD-BASE70","years_JJA-GRDD-BASE70","JJA-GRDD-BASE72","meas_flag_JJA-GRDD-BASE72","comp_flag_JJA-GRDD-BASE72","years_JJA-GRDD-BASE72","JJA-GRDD-TB4886","meas_flag_JJA-GRDD-TB4886","comp_flag_JJA-GRDD-TB4886","years_JJA-GRDD-TB4886","JJA-GRDD-TB5086","meas_flag_JJA-GRDD-TB5086","comp_flag_JJA-GRDD-TB5086","years_JJA-GRDD-TB5086","SON-TAVG-NORMAL","meas_flag_SON-TAVG-NORMAL","comp_flag_SON-TAVG-NORMAL","years_SON-TAVG-NORMAL","SON-TMIN-NORMAL","meas_flag_SON-TMIN-NORMAL","comp_flag_SON-TMIN-NORMAL","years_SON-TMIN-NORMAL","SON-TMAX-NORMAL","meas_flag_SON-TMAX-NORMAL","comp_flag_SON-TMAX-NORMAL","years_SON-TMAX-NORMAL","SON-DUTR-NORMAL","meas_flag_SON-DUTR-NORMAL","comp_flag_SON-DUTR-NORMAL","years_SON-DUTR-NORMAL","SON-TMIN-AVGNDS-LSTH000","meas_flag_SON-TMIN-AVGNDS-LSTH000","comp_flag_SON-TMIN-AVGNDS-LSTH000","years_SON-TMIN-AVGNDS-LSTH000","SON-TMIN-AVGNDS-LSTH010","meas_flag_SON-TMIN-AVGNDS-LSTH010","comp_flag_SON-TMIN-AVGNDS-LSTH010","years_SON-TMIN-AVGNDS-LSTH010","SON-TMIN-AVGNDS-LSTH020","meas_flag_SON-TMIN-AVGNDS-LSTH020","comp_flag_SON-TMIN-AVGNDS-LSTH020","years_SON-TMIN-AVGNDS-LSTH020","SON-TMIN-AVGNDS-LSTH032","meas_flag_SON-TMIN-AVGNDS-LSTH032","comp_flag_SON-TMIN-AVGNDS-LSTH032","years_SON-TMIN-AVGNDS-LSTH032","SON-TMIN-AVGNDS-LSTH040","meas_flag_SON-TMIN-AVGNDS-LSTH040","comp_flag_SON-TMIN-AVGNDS-LSTH040","years_SON-TMIN-AVGNDS-LSTH040","SON-TMIN-AVGNDS-LSTH050","meas_flag_SON-TMIN-AVGNDS-LSTH050","comp_flag_SON-TMIN-AVGNDS-LSTH050","years_SON-TMIN-AVGNDS-LSTH050","SON-TMIN-AVGNDS-LSTH060","meas_flag_SON-TMIN-AVGNDS-LSTH060","comp_flag_SON-TMIN-AVGNDS-LSTH060","years_SON-TMIN-AVGNDS-LSTH060","SON-TMIN-AVGNDS-LSTH070","meas_flag_SON-TMIN-AVGNDS-LSTH070","comp_flag_SON-TMIN-AVGNDS-LSTH070","years_SON-TMIN-AVGNDS-LSTH070","SON-TMAX-AVGNDS-GRTH032","meas_flag_SON-TMAX-AVGNDS-GRTH032","comp_flag_SON-TMAX-AVGNDS-GRTH032","years_SON-TMAX-AVGNDS-GRTH032","SON-TMAX-AVGNDS-GRTH040","meas_flag_SON-TMAX-AVGNDS-GRTH040","comp_flag_SON-TMAX-AVGNDS-GRTH040","years_SON-TMAX-AVGNDS-GRTH040","SON-TMAX-AVGNDS-GRTH050","meas_flag_SON-TMAX-AVGNDS-GRTH050","comp_flag_SON-TMAX-AVGNDS-GRTH050","years_SON-TMAX-AVGNDS-GRTH050","SON-TMAX-AVGNDS-GRTH060","meas_flag_SON-TMAX-AVGNDS-GRTH060","comp_flag_SON-TMAX-AVGNDS-GRTH060","years_SON-TMAX-AVGNDS-GRTH060","SON-TMAX-AVGNDS-GRTH070","meas_flag_SON-TMAX-AVGNDS-GRTH070","comp_flag_SON-TMAX-AVGNDS-GRTH070","years_SON-TMAX-AVGNDS-GRTH070","SON-TMAX-AVGNDS-GRTH080","meas_flag_SON-TMAX-AVGNDS-GRTH080","comp_flag_SON-TMAX-AVGNDS-GRTH080","years_SON-TMAX-AVGNDS-GRTH080","SON-TMAX-AVGNDS-GRTH090","meas_flag_SON-TMAX-AVGNDS-GRTH090","comp_flag_SON-TMAX-AVGNDS-GRTH090","years_SON-TMAX-AVGNDS-GRTH090","SON-TMAX-AVGNDS-GRTH100","meas_flag_SON-TMAX-AVGNDS-GRTH100","comp_flag_SON-TMAX-AVGNDS-GRTH100","years_SON-TMAX-AVGNDS-GRTH100","SON-TMAX-AVGNDS-LSTH032","meas_flag_SON-TMAX-AVGNDS-LSTH032","comp_flag_SON-TMAX-AVGNDS-LSTH032","years_SON-TMAX-AVGNDS-LSTH032","SON-HTDD-NORMAL","meas_flag_SON-HTDD-NORMAL","comp_flag_SON-HTDD-NORMAL","years_SON-HTDD-NORMAL","SON-HTDD-BASE40","meas_flag_SON-HTDD-BASE40","comp_flag_SON-HTDD-BASE40","years_SON-HTDD-BASE40","SON-HTDD-BASE45","meas_flag_SON-HTDD-BASE45","comp_flag_SON-HTDD-BASE45","years_SON-HTDD-BASE45","SON-HTDD-BASE50","meas_flag_SON-HTDD-BASE50","comp_flag_SON-HTDD-BASE50","years_SON-HTDD-BASE50","SON-HTDD-BASE55","meas_flag_SON-HTDD-BASE55","comp_flag_SON-HTDD-BASE55","years_SON-HTDD-BASE55","SON-HTDD-BASE57","meas_flag_SON-HTDD-BASE57","comp_flag_SON-HTDD-BASE57","years_SON-HTDD-BASE57","SON-HTDD-BASE60","meas_flag_SON-HTDD-BASE60","comp_flag_SON-HTDD-BASE60","years_SON-HTDD-BASE60","SON-CLDD-NORMAL","meas_flag_SON-CLDD-NORMAL","comp_flag_SON-CLDD-NORMAL","years_SON-CLDD-NORMAL","SON-CLDD-BASE40","meas_flag_SON-CLDD-BASE40","comp_flag_SON-CLDD-BASE40","years_SON-CLDD-BASE40","SON-CLDD-BASE45","meas_flag_SON-CLDD-BASE45","comp_flag_SON-CLDD-BASE45","years_SON-CLDD-BASE45","SON-CLDD-BASE50","meas_flag_SON-CLDD-BASE50","comp_flag_SON-CLDD-BASE50","years_SON-CLDD-BASE50","SON-CLDD-BASE55","meas_flag_SON-CLDD-BASE55","comp_flag_SON-CLDD-BASE55","years_SON-CLDD-BASE55","SON-CLDD-BASE57","meas_flag_SON-CLDD-BASE57","comp_flag_SON-CLDD-BASE57","years_SON-CLDD-BASE57","SON-CLDD-BASE60","meas_flag_SON-CLDD-BASE60","comp_flag_SON-CLDD-BASE60","years_SON-CLDD-BASE60","SON-CLDD-BASE70","meas_flag_SON-CLDD-BASE70","comp_flag_SON-CLDD-BASE70","years_SON-CLDD-BASE70","SON-CLDD-BASE72","meas_flag_SON-CLDD-BASE72","comp_flag_SON-CLDD-BASE72","years_SON-CLDD-BASE72","SON-GRDD-BASE65","meas_flag_SON-GRDD-BASE65","comp_flag_SON-GRDD-BASE65","years_SON-GRDD-BASE65","SON-GRDD-BASE40","meas_flag_SON-GRDD-BASE40","comp_flag_SON-GRDD-BASE40","years_SON-GRDD-BASE40","SON-GRDD-BASE45","meas_flag_SON-GRDD-BASE45","comp_flag_SON-GRDD-BASE45","years_SON-GRDD-BASE45","SON-GRDD-BASE50","meas_flag_SON-GRDD-BASE50","comp_flag_SON-GRDD-BASE50","years_SON-GRDD-BASE50","SON-GRDD-BASE55","meas_flag_SON-GRDD-BASE55","comp_flag_SON-GRDD-BASE55","years_SON-GRDD-BASE55","SON-GRDD-BASE57","meas_flag_SON-GRDD-BASE57","comp_flag_SON-GRDD-BASE57","years_SON-GRDD-BASE57","SON-GRDD-BASE60","meas_flag_SON-GRDD-BASE60","comp_flag_SON-GRDD-BASE60","years_SON-GRDD-BASE60","SON-GRDD-BASE70","meas_flag_SON-GRDD-BASE70","comp_flag_SON-GRDD-BASE70","years_SON-GRDD-BASE70","SON-GRDD-BASE72","meas_flag_SON-GRDD-BASE72","comp_flag_SON-GRDD-BASE72","years_SON-GRDD-BASE72","SON-GRDD-TB4886","meas_flag_SON-GRDD-TB4886","comp_flag_SON-GRDD-TB4886","years_SON-GRDD-TB4886","SON-GRDD-TB5086","meas_flag_SON-GRDD-TB5086","comp_flag_SON-GRDD-TB5086","years_SON-GRDD-TB5086","DJF-TAVG-NORMAL","meas_flag_DJF-TAVG-NORMAL","comp_flag_DJF-TAVG-NORMAL","years_DJF-TAVG-NORMAL","DJF-TMIN-NORMAL","meas_flag_DJF-TMIN-NORMAL","comp_flag_DJF-TMIN-NORMAL","years_DJF-TMIN-NORMAL","DJF-TMAX-NORMAL","meas_flag_DJF-TMAX-NORMAL","comp_flag_DJF-TMAX-NORMAL","years_DJF-TMAX-NORMAL","DJF-DUTR-NORMAL","meas_flag_DJF-DUTR-NORMAL","comp_flag_DJF-DUTR-NORMAL","years_DJF-DUTR-NORMAL","DJF-TMIN-AVGNDS-LSTH000","meas_flag_DJF-TMIN-AVGNDS-LSTH000","comp_flag_DJF-TMIN-AVGNDS-LSTH000","years_DJF-TMIN-AVGNDS-LSTH000","DJF-TMIN-AVGNDS-LSTH010","meas_flag_DJF-TMIN-AVGNDS-LSTH010","comp_flag_DJF-TMIN-AVGNDS-LSTH010","years_DJF-TMIN-AVGNDS-LSTH010","DJF-TMIN-AVGNDS-LSTH020","meas_flag_DJF-TMIN-AVGNDS-LSTH020","comp_flag_DJF-TMIN-AVGNDS-LSTH020","years_DJF-TMIN-AVGNDS-LSTH020","DJF-TMIN-AVGNDS-LSTH032","meas_flag_DJF-TMIN-AVGNDS-LSTH032","comp_flag_DJF-TMIN-AVGNDS-LSTH032","years_DJF-TMIN-AVGNDS-LSTH032","DJF-TMIN-AVGNDS-LSTH040","meas_flag_DJF-TMIN-AVGNDS-LSTH040","comp_flag_DJF-TMIN-AVGNDS-LSTH040","years_DJF-TMIN-AVGNDS-LSTH040","DJF-TMIN-AVGNDS-LSTH050","meas_flag_DJF-TMIN-AVGNDS-LSTH050","comp_flag_DJF-TMIN-AVGNDS-LSTH050","years_DJF-TMIN-AVGNDS-LSTH050","DJF-TMIN-AVGNDS-LSTH060","meas_flag_DJF-TMIN-AVGNDS-LSTH060","comp_flag_DJF-TMIN-AVGNDS-LSTH060","years_DJF-TMIN-AVGNDS-LSTH060","DJF-TMIN-AVGNDS-LSTH070","meas_flag_DJF-TMIN-AVGNDS-LSTH070","comp_flag_DJF-TMIN-AVGNDS-LSTH070","years_DJF-TMIN-AVGNDS-LSTH070","DJF-TMAX-AVGNDS-GRTH032","meas_flag_DJF-TMAX-AVGNDS-GRTH032","comp_flag_DJF-TMAX-AVGNDS-GRTH032","years_DJF-TMAX-AVGNDS-GRTH032","DJF-TMAX-AVGNDS-GRTH040","meas_flag_DJF-TMAX-AVGNDS-GRTH040","comp_flag_DJF-TMAX-AVGNDS-GRTH040","years_DJF-TMAX-AVGNDS-GRTH040","DJF-TMAX-AVGNDS-GRTH050","meas_flag_DJF-TMAX-AVGNDS-GRTH050","comp_flag_DJF-TMAX-AVGNDS-GRTH050","years_DJF-TMAX-AVGNDS-GRTH050","DJF-TMAX-AVGNDS-GRTH060","meas_flag_DJF-TMAX-AVGNDS-GRTH060","comp_flag_DJF-TMAX-AVGNDS-GRTH060","years_DJF-TMAX-AVGNDS-GRTH060","DJF-TMAX-AVGNDS-GRTH070","meas_flag_DJF-TMAX-AVGNDS-GRTH070","comp_flag_DJF-TMAX-AVGNDS-GRTH070","years_DJF-TMAX-AVGNDS-GRTH070","DJF-TMAX-AVGNDS-GRTH080","meas_flag_DJF-TMAX-AVGNDS-GRTH080","comp_flag_DJF-TMAX-AVGNDS-GRTH080","years_DJF-TMAX-AVGNDS-GRTH080","DJF-TMAX-AVGNDS-GRTH090","meas_flag_DJF-TMAX-AVGNDS-GRTH090","comp_flag_DJF-TMAX-AVGNDS-GRTH090","years_DJF-TMAX-AVGNDS-GRTH090","DJF-TMAX-AVGNDS-GRTH100","meas_flag_DJF-TMAX-AVGNDS-GRTH100","comp_flag_DJF-TMAX-AVGNDS-GRTH100","years_DJF-TMAX-AVGNDS-GRTH100","DJF-TMAX-AVGNDS-LSTH032","meas_flag_DJF-TMAX-AVGNDS-LSTH032","comp_flag_DJF-TMAX-AVGNDS-LSTH032","years_DJF-TMAX-AVGNDS-LSTH032","DJF-HTDD-NORMAL","meas_flag_DJF-HTDD-NORMAL","comp_flag_DJF-HTDD-NORMAL","years_DJF-HTDD-NORMAL","DJF-HTDD-BASE40","meas_flag_DJF-HTDD-BASE40","comp_flag_DJF-HTDD-BASE40","years_DJF-HTDD-BASE40","DJF-HTDD-BASE45","meas_flag_DJF-HTDD-BASE45","comp_flag_DJF-HTDD-BASE45","years_DJF-HTDD-BASE45","DJF-HTDD-BASE50","meas_flag_DJF-HTDD-BASE50","comp_flag_DJF-HTDD-BASE50","years_DJF-HTDD-BASE50","DJF-HTDD-BASE55","meas_flag_DJF-HTDD-BASE55","comp_flag_DJF-HTDD-BASE55","years_DJF-HTDD-BASE55","DJF-HTDD-BASE57","meas_flag_DJF-HTDD-BASE57","comp_flag_DJF-HTDD-BASE57","years_DJF-HTDD-BASE57","DJF-HTDD-BASE60","meas_flag_DJF-HTDD-BASE60","comp_flag_DJF-HTDD-BASE60","years_DJF-HTDD-BASE60","DJF-CLDD-NORMAL","meas_flag_DJF-CLDD-NORMAL","comp_flag_DJF-CLDD-NORMAL","years_DJF-CLDD-NORMAL","DJF-CLDD-BASE40","meas_flag_DJF-CLDD-BASE40","comp_flag_DJF-CLDD-BASE40","years_DJF-CLDD-BASE40","DJF-CLDD-BASE45","meas_flag_DJF-CLDD-BASE45","comp_flag_DJF-CLDD-BASE45","years_DJF-CLDD-BASE45","DJF-CLDD-BASE50","meas_flag_DJF-CLDD-BASE50","comp_flag_DJF-CLDD-BASE50","years_DJF-CLDD-BASE50","DJF-CLDD-BASE55","meas_flag_DJF-CLDD-BASE55","comp_flag_DJF-CLDD-BASE55","years_DJF-CLDD-BASE55","DJF-CLDD-BASE57","meas_flag_DJF-CLDD-BASE57","comp_flag_DJF-CLDD-BASE57","years_DJF-CLDD-BASE57","DJF-CLDD-BASE60","meas_flag_DJF-CLDD-BASE60","comp_flag_DJF-CLDD-BASE60","years_DJF-CLDD-BASE60","DJF-CLDD-BASE70","meas_flag_DJF-CLDD-BASE70","comp_flag_DJF-CLDD-BASE70","years_DJF-CLDD-BASE70","DJF-CLDD-BASE72","meas_flag_DJF-CLDD-BASE72","comp_flag_DJF-CLDD-BASE72","years_DJF-CLDD-BASE72","DJF-GRDD-BASE65","meas_flag_DJF-GRDD-BASE65","comp_flag_DJF-GRDD-BASE65","years_DJF-GRDD-BASE65","DJF-GRDD-BASE40","meas_flag_DJF-GRDD-BASE40","comp_flag_DJF-GRDD-BASE40","years_DJF-GRDD-BASE40","DJF-GRDD-BASE45","meas_flag_DJF-GRDD-BASE45","comp_flag_DJF-GRDD-BASE45","years_DJF-GRDD-BASE45","DJF-GRDD-BASE50","meas_flag_DJF-GRDD-BASE50","comp_flag_DJF-GRDD-BASE50","years_DJF-GRDD-BASE50","DJF-GRDD-BASE55","meas_flag_DJF-GRDD-BASE55","comp_flag_DJF-GRDD-BASE55","years_DJF-GRDD-BASE55","DJF-GRDD-BASE57","meas_flag_DJF-GRDD-BASE57","comp_flag_DJF-GRDD-BASE57","years_DJF-GRDD-BASE57","DJF-GRDD-BASE60","meas_flag_DJF-GRDD-BASE60","comp_flag_DJF-GRDD-BASE60","years_DJF-GRDD-BASE60","DJF-GRDD-BASE70","meas_flag_DJF-GRDD-BASE70","comp_flag_DJF-GRDD-BASE70","years_DJF-GRDD-BASE70","DJF-GRDD-BASE72","meas_flag_DJF-GRDD-BASE72","comp_flag_DJF-GRDD-BASE72","years_DJF-GRDD-BASE72","DJF-GRDD-TB4886","meas_flag_DJF-GRDD-TB4886","comp_flag_DJF-GRDD-TB4886","years_DJF-GRDD-TB4886","DJF-GRDD-TB5086","meas_flag_DJF-GRDD-TB5086","comp_flag_DJF-GRDD-TB5086","years_DJF-GRDD-TB5086","ANN-TMIN-PRBOCC-LSTH016","meas_flag_ANN-TMIN-PRBOCC-LSTH016","comp_flag_ANN-TMIN-PRBOCC-LSTH016","years_ANN-TMIN-PRBOCC-LSTH016","ANN-TMIN-PRBOCC-LSTH020","meas_flag_ANN-TMIN-PRBOCC-LSTH020","comp_flag_ANN-TMIN-PRBOCC-LSTH020","years_ANN-TMIN-PRBOCC-LSTH020","ANN-TMIN-PRBOCC-LSTH024","meas_flag_ANN-TMIN-PRBOCC-LSTH024","comp_flag_ANN-TMIN-PRBOCC-LSTH024","years_ANN-TMIN-PRBOCC-LSTH024","ANN-TMIN-PRBOCC-LSTH028","meas_flag_ANN-TMIN-PRBOCC-LSTH028","comp_flag_ANN-TMIN-PRBOCC-LSTH028","years_ANN-TMIN-PRBOCC-LSTH028","ANN-TMIN-PRBOCC-LSTH032","meas_flag_ANN-TMIN-PRBOCC-LSTH032","comp_flag_ANN-TMIN-PRBOCC-LSTH032","years_ANN-TMIN-PRBOCC-LSTH032","ANN-TMIN-PRBOCC-LSTH036","meas_flag_ANN-TMIN-PRBOCC-LSTH036","comp_flag_ANN-TMIN-PRBOCC-LSTH036","years_ANN-TMIN-PRBOCC-LSTH036","ANN-TMIN-PRBFST-T16FP10","meas_flag_ANN-TMIN-PRBFST-T16FP10","comp_flag_ANN-TMIN-PRBFST-T16FP10","years_ANN-TMIN-PRBFST-T16FP10","ANN-TMIN-PRBFST-T16FP20","meas_flag_ANN-TMIN-PRBFST-T16FP20","comp_flag_ANN-TMIN-PRBFST-T16FP20","years_ANN-TMIN-PRBFST-T16FP20","ANN-TMIN-PRBFST-T16FP30","meas_flag_ANN-TMIN-PRBFST-T16FP30","comp_flag_ANN-TMIN-PRBFST-T16FP30","years_ANN-TMIN-PRBFST-T16FP30","ANN-TMIN-PRBFST-T16FP40","meas_flag_ANN-TMIN-PRBFST-T16FP40","comp_flag_ANN-TMIN-PRBFST-T16FP40","years_ANN-TMIN-PRBFST-T16FP40","ANN-TMIN-PRBFST-T16FP50","meas_flag_ANN-TMIN-PRBFST-T16FP50","comp_flag_ANN-TMIN-PRBFST-T16FP50","years_ANN-TMIN-PRBFST-T16FP50","ANN-TMIN-PRBFST-T16FP60","meas_flag_ANN-TMIN-PRBFST-T16FP60","comp_flag_ANN-TMIN-PRBFST-T16FP60","years_ANN-TMIN-PRBFST-T16FP60","ANN-TMIN-PRBFST-T16FP70","meas_flag_ANN-TMIN-PRBFST-T16FP70","comp_flag_ANN-TMIN-PRBFST-T16FP70","years_ANN-TMIN-PRBFST-T16FP70","ANN-TMIN-PRBFST-T16FP80","meas_flag_ANN-TMIN-PRBFST-T16FP80","comp_flag_ANN-TMIN-PRBFST-T16FP80","years_ANN-TMIN-PRBFST-T16FP80","ANN-TMIN-PRBFST-T16FP90","meas_flag_ANN-TMIN-PRBFST-T16FP90","comp_flag_ANN-TMIN-PRBFST-T16FP90","years_ANN-TMIN-PRBFST-T16FP90","ANN-TMIN-PRBFST-T20FP10","meas_flag_ANN-TMIN-PRBFST-T20FP10","comp_flag_ANN-TMIN-PRBFST-T20FP10","years_ANN-TMIN-PRBFST-T20FP10","ANN-TMIN-PRBFST-T20FP20","meas_flag_ANN-TMIN-PRBFST-T20FP20","comp_flag_ANN-TMIN-PRBFST-T20FP20","years_ANN-TMIN-PRBFST-T20FP20","ANN-TMIN-PRBFST-T20FP30","meas_flag_ANN-TMIN-PRBFST-T20FP30","comp_flag_ANN-TMIN-PRBFST-T20FP30","years_ANN-TMIN-PRBFST-T20FP30","ANN-TMIN-PRBFST-T20FP40","meas_flag_ANN-TMIN-PRBFST-T20FP40","comp_flag_ANN-TMIN-PRBFST-T20FP40","years_ANN-TMIN-PRBFST-T20FP40","ANN-TMIN-PRBFST-T20FP50","meas_flag_ANN-TMIN-PRBFST-T20FP50","comp_flag_ANN-TMIN-PRBFST-T20FP50","years_ANN-TMIN-PRBFST-T20FP50","ANN-TMIN-PRBFST-T20FP60","meas_flag_ANN-TMIN-PRBFST-T20FP60","comp_flag_ANN-TMIN-PRBFST-T20FP60","years_ANN-TMIN-PRBFST-T20FP60","ANN-TMIN-PRBFST-T20FP70","meas_flag_ANN-TMIN-PRBFST-T20FP70","comp_flag_ANN-TMIN-PRBFST-T20FP70","years_ANN-TMIN-PRBFST-T20FP70","ANN-TMIN-PRBFST-T20FP80","meas_flag_ANN-TMIN-PRBFST-T20FP80","comp_flag_ANN-TMIN-PRBFST-T20FP80","years_ANN-TMIN-PRBFST-T20FP80","ANN-TMIN-PRBFST-T20FP90","meas_flag_ANN-TMIN-PRBFST-T20FP90","comp_flag_ANN-TMIN-PRBFST-T20FP90","years_ANN-TMIN-PRBFST-T20FP90","ANN-TMIN-PRBFST-T24FP10","meas_flag_ANN-TMIN-PRBFST-T24FP10","comp_flag_ANN-TMIN-PRBFST-T24FP10","years_ANN-TMIN-PRBFST-T24FP10","ANN-TMIN-PRBFST-T24FP20","meas_flag_ANN-TMIN-PRBFST-T24FP20","comp_flag_ANN-TMIN-PRBFST-T24FP20","years_ANN-TMIN-PRBFST-T24FP20","ANN-TMIN-PRBFST-T24FP30","meas_flag_ANN-TMIN-PRBFST-T24FP30","comp_flag_ANN-TMIN-PRBFST-T24FP30","years_ANN-TMIN-PRBFST-T24FP30","ANN-TMIN-PRBFST-T24FP40","meas_flag_ANN-TMIN-PRBFST-T24FP40","comp_flag_ANN-TMIN-PRBFST-T24FP40","years_ANN-TMIN-PRBFST-T24FP40","ANN-TMIN-PRBFST-T24FP50","meas_flag_ANN-TMIN-PRBFST-T24FP50","comp_flag_ANN-TMIN-PRBFST-T24FP50","years_ANN-TMIN-PRBFST-T24FP50","ANN-TMIN-PRBFST-T24FP60","meas_flag_ANN-TMIN-PRBFST-T24FP60","comp_flag_ANN-TMIN-PRBFST-T24FP60","years_ANN-TMIN-PRBFST-T24FP60","ANN-TMIN-PRBFST-T24FP70","meas_flag_ANN-TMIN-PRBFST-T24FP70","comp_flag_ANN-TMIN-PRBFST-T24FP70","years_ANN-TMIN-PRBFST-T24FP70","ANN-TMIN-PRBFST-T24FP80","meas_flag_ANN-TMIN-PRBFST-T24FP80","comp_flag_ANN-TMIN-PRBFST-T24FP80","years_ANN-TMIN-PRBFST-T24FP80","ANN-TMIN-PRBFST-T24FP90","meas_flag_ANN-TMIN-PRBFST-T24FP90","comp_flag_ANN-TMIN-PRBFST-T24FP90","years_ANN-TMIN-PRBFST-T24FP90","ANN-TMIN-PRBFST-T28FP10","meas_flag_ANN-TMIN-PRBFST-T28FP10","comp_flag_ANN-TMIN-PRBFST-T28FP10","years_ANN-TMIN-PRBFST-T28FP10","ANN-TMIN-PRBFST-T28FP20","meas_flag_ANN-TMIN-PRBFST-T28FP20","comp_flag_ANN-TMIN-PRBFST-T28FP20","years_ANN-TMIN-PRBFST-T28FP20","ANN-TMIN-PRBFST-T28FP30","meas_flag_ANN-TMIN-PRBFST-T28FP30","comp_flag_ANN-TMIN-PRBFST-T28FP30","years_ANN-TMIN-PRBFST-T28FP30","ANN-TMIN-PRBFST-T28FP40","meas_flag_ANN-TMIN-PRBFST-T28FP40","comp_flag_ANN-TMIN-PRBFST-T28FP40","years_ANN-TMIN-PRBFST-T28FP40","ANN-TMIN-PRBFST-T28FP50","meas_flag_ANN-TMIN-PRBFST-T28FP50","comp_flag_ANN-TMIN-PRBFST-T28FP50","years_ANN-TMIN-PRBFST-T28FP50","ANN-TMIN-PRBFST-T28FP60","meas_flag_ANN-TMIN-PRBFST-T28FP60","comp_flag_ANN-TMIN-PRBFST-T28FP60","years_ANN-TMIN-PRBFST-T28FP60","ANN-TMIN-PRBFST-T28FP70","meas_flag_ANN-TMIN-PRBFST-T28FP70","comp_flag_ANN-TMIN-PRBFST-T28FP70","years_ANN-TMIN-PRBFST-T28FP70","ANN-TMIN-PRBFST-T28FP80","meas_flag_ANN-TMIN-PRBFST-T28FP80","comp_flag_ANN-TMIN-PRBFST-T28FP80","years_ANN-TMIN-PRBFST-T28FP80","ANN-TMIN-PRBFST-T28FP90","meas_flag_ANN-TMIN-PRBFST-T28FP90","comp_flag_ANN-TMIN-PRBFST-T28FP90","years_ANN-TMIN-PRBFST-T28FP90","ANN-TMIN-PRBFST-T32FP10","meas_flag_ANN-TMIN-PRBFST-T32FP10","comp_flag_ANN-TMIN-PRBFST-T32FP10","years_ANN-TMIN-PRBFST-T32FP10","ANN-TMIN-PRBFST-T32FP20","meas_flag_ANN-TMIN-PRBFST-T32FP20","comp_flag_ANN-TMIN-PRBFST-T32FP20","years_ANN-TMIN-PRBFST-T32FP20","ANN-TMIN-PRBFST-T32FP30","meas_flag_ANN-TMIN-PRBFST-T32FP30","comp_flag_ANN-TMIN-PRBFST-T32FP30","years_ANN-TMIN-PRBFST-T32FP30","ANN-TMIN-PRBFST-T32FP40","meas_flag_ANN-TMIN-PRBFST-T32FP40","comp_flag_ANN-TMIN-PRBFST-T32FP40","years_ANN-TMIN-PRBFST-T32FP40","ANN-TMIN-PRBFST-T32FP50","meas_flag_ANN-TMIN-PRBFST-T32FP50","comp_flag_ANN-TMIN-PRBFST-T32FP50","years_ANN-TMIN-PRBFST-T32FP50","ANN-TMIN-PRBFST-T32FP60","meas_flag_ANN-TMIN-PRBFST-T32FP60","comp_flag_ANN-TMIN-PRBFST-T32FP60","years_ANN-TMIN-PRBFST-T32FP60","ANN-TMIN-PRBFST-T32FP70","meas_flag_ANN-TMIN-PRBFST-T32FP70","comp_flag_ANN-TMIN-PRBFST-T32FP70","years_ANN-TMIN-PRBFST-T32FP70","ANN-TMIN-PRBFST-T32FP80","meas_flag_ANN-TMIN-PRBFST-T32FP80","comp_flag_ANN-TMIN-PRBFST-T32FP80","years_ANN-TMIN-PRBFST-T32FP80","ANN-TMIN-PRBFST-T32FP90","meas_flag_ANN-TMIN-PRBFST-T32FP90","comp_flag_ANN-TMIN-PRBFST-T32FP90","years_ANN-TMIN-PRBFST-T32FP90","ANN-TMIN-PRBFST-T36FP10","meas_flag_ANN-TMIN-PRBFST-T36FP10","comp_flag_ANN-TMIN-PRBFST-T36FP10","years_ANN-TMIN-PRBFST-T36FP10","ANN-TMIN-PRBFST-T36FP20","meas_flag_ANN-TMIN-PRBFST-T36FP20","comp_flag_ANN-TMIN-PRBFST-T36FP20","years_ANN-TMIN-PRBFST-T36FP20","ANN-TMIN-PRBFST-T36FP30","meas_flag_ANN-TMIN-PRBFST-T36FP30","comp_flag_ANN-TMIN-PRBFST-T36FP30","years_ANN-TMIN-PRBFST-T36FP30","ANN-TMIN-PRBFST-T36FP40","meas_flag_ANN-TMIN-PRBFST-T36FP40","comp_flag_ANN-TMIN-PRBFST-T36FP40","years_ANN-TMIN-PRBFST-T36FP40","ANN-TMIN-PRBFST-T36FP50","meas_flag_ANN-TMIN-PRBFST-T36FP50","comp_flag_ANN-TMIN-PRBFST-T36FP50","years_ANN-TMIN-PRBFST-T36FP50","ANN-TMIN-PRBFST-T36FP60","meas_flag_ANN-TMIN-PRBFST-T36FP60","comp_flag_ANN-TMIN-PRBFST-T36FP60","years_ANN-TMIN-PRBFST-T36FP60","ANN-TMIN-PRBFST-T36FP70","meas_flag_ANN-TMIN-PRBFST-T36FP70","comp_flag_ANN-TMIN-PRBFST-T36FP70","years_ANN-TMIN-PRBFST-T36FP70","ANN-TMIN-PRBFST-T36FP80","meas_flag_ANN-TMIN-PRBFST-T36FP80","comp_flag_ANN-TMIN-PRBFST-T36FP80","years_ANN-TMIN-PRBFST-T36FP80","ANN-TMIN-PRBFST-T36FP90","meas_flag_ANN-TMIN-PRBFST-T36FP90","comp_flag_ANN-TMIN-PRBFST-T36FP90","years_ANN-TMIN-PRBFST-T36FP90","ANN-TMIN-PRBLST-T16FP10","meas_flag_ANN-TMIN-PRBLST-T16FP10","comp_flag_ANN-TMIN-PRBLST-T16FP10","years_ANN-TMIN-PRBLST-T16FP10","ANN-TMIN-PRBLST-T16FP20","meas_flag_ANN-TMIN-PRBLST-T16FP20","comp_flag_ANN-TMIN-PRBLST-T16FP20","years_ANN-TMIN-PRBLST-T16FP20","ANN-TMIN-PRBLST-T16FP30","meas_flag_ANN-TMIN-PRBLST-T16FP30","comp_flag_ANN-TMIN-PRBLST-T16FP30","years_ANN-TMIN-PRBLST-T16FP30","ANN-TMIN-PRBLST-T16FP40","meas_flag_ANN-TMIN-PRBLST-T16FP40","comp_flag_ANN-TMIN-PRBLST-T16FP40","years_ANN-TMIN-PRBLST-T16FP40","ANN-TMIN-PRBLST-T16FP50","meas_flag_ANN-TMIN-PRBLST-T16FP50","comp_flag_ANN-TMIN-PRBLST-T16FP50","years_ANN-TMIN-PRBLST-T16FP50","ANN-TMIN-PRBLST-T16FP60","meas_flag_ANN-TMIN-PRBLST-T16FP60","comp_flag_ANN-TMIN-PRBLST-T16FP60","years_ANN-TMIN-PRBLST-T16FP60","ANN-TMIN-PRBLST-T16FP70","meas_flag_ANN-TMIN-PRBLST-T16FP70","comp_flag_ANN-TMIN-PRBLST-T16FP70","years_ANN-TMIN-PRBLST-T16FP70","ANN-TMIN-PRBLST-T16FP80","meas_flag_ANN-TMIN-PRBLST-T16FP80","comp_flag_ANN-TMIN-PRBLST-T16FP80","years_ANN-TMIN-PRBLST-T16FP80","ANN-TMIN-PRBLST-T16FP90","meas_flag_ANN-TMIN-PRBLST-T16FP90","comp_flag_ANN-TMIN-PRBLST-T16FP90","years_ANN-TMIN-PRBLST-T16FP90","ANN-TMIN-PRBLST-T20FP10","meas_flag_ANN-TMIN-PRBLST-T20FP10","comp_flag_ANN-TMIN-PRBLST-T20FP10","years_ANN-TMIN-PRBLST-T20FP10","ANN-TMIN-PRBLST-T20FP20","meas_flag_ANN-TMIN-PRBLST-T20FP20","comp_flag_ANN-TMIN-PRBLST-T20FP20","years_ANN-TMIN-PRBLST-T20FP20","ANN-TMIN-PRBLST-T20FP30","meas_flag_ANN-TMIN-PRBLST-T20FP30","comp_flag_ANN-TMIN-PRBLST-T20FP30","years_ANN-TMIN-PRBLST-T20FP30","ANN-TMIN-PRBLST-T20FP40","meas_flag_ANN-TMIN-PRBLST-T20FP40","comp_flag_ANN-TMIN-PRBLST-T20FP40","years_ANN-TMIN-PRBLST-T20FP40","ANN-TMIN-PRBLST-T20FP50","meas_flag_ANN-TMIN-PRBLST-T20FP50","comp_flag_ANN-TMIN-PRBLST-T20FP50","years_ANN-TMIN-PRBLST-T20FP50","ANN-TMIN-PRBLST-T20FP60","meas_flag_ANN-TMIN-PRBLST-T20FP60","comp_flag_ANN-TMIN-PRBLST-T20FP60","years_ANN-TMIN-PRBLST-T20FP60","ANN-TMIN-PRBLST-T20FP70","meas_flag_ANN-TMIN-PRBLST-T20FP70","comp_flag_ANN-TMIN-PRBLST-T20FP70","years_ANN-TMIN-PRBLST-T20FP70","ANN-TMIN-PRBLST-T20FP80","meas_flag_ANN-TMIN-PRBLST-T20FP80","comp_flag_ANN-TMIN-PRBLST-T20FP80","years_ANN-TMIN-PRBLST-T20FP80","ANN-TMIN-PRBLST-T20FP90","meas_flag_ANN-TMIN-PRBLST-T20FP90","comp_flag_ANN-TMIN-PRBLST-T20FP90","years_ANN-TMIN-PRBLST-T20FP90","ANN-TMIN-PRBLST-T24FP10","meas_flag_ANN-TMIN-PRBLST-T24FP10","comp_flag_ANN-TMIN-PRBLST-T24FP10","years_ANN-TMIN-PRBLST-T24FP10","ANN-TMIN-PRBLST-T24FP20","meas_flag_ANN-TMIN-PRBLST-T24FP20","comp_flag_ANN-TMIN-PRBLST-T24FP20","years_ANN-TMIN-PRBLST-T24FP20","ANN-TMIN-PRBLST-T24FP30","meas_flag_ANN-TMIN-PRBLST-T24FP30","comp_flag_ANN-TMIN-PRBLST-T24FP30","years_ANN-TMIN-PRBLST-T24FP30","ANN-TMIN-PRBLST-T24FP40","meas_flag_ANN-TMIN-PRBLST-T24FP40","comp_flag_ANN-TMIN-PRBLST-T24FP40","years_ANN-TMIN-PRBLST-T24FP40","ANN-TMIN-PRBLST-T24FP50","meas_flag_ANN-TMIN-PRBLST-T24FP50","comp_flag_ANN-TMIN-PRBLST-T24FP50","years_ANN-TMIN-PRBLST-T24FP50","ANN-TMIN-PRBLST-T24FP60","meas_flag_ANN-TMIN-PRBLST-T24FP60","comp_flag_ANN-TMIN-PRBLST-T24FP60","years_ANN-TMIN-PRBLST-T24FP60","ANN-TMIN-PRBLST-T24FP70","meas_flag_ANN-TMIN-PRBLST-T24FP70","comp_flag_ANN-TMIN-PRBLST-T24FP70","years_ANN-TMIN-PRBLST-T24FP70","ANN-TMIN-PRBLST-T24FP80","meas_flag_ANN-TMIN-PRBLST-T24FP80","comp_flag_ANN-TMIN-PRBLST-T24FP80","years_ANN-TMIN-PRBLST-T24FP80","ANN-TMIN-PRBLST-T24FP90","meas_flag_ANN-TMIN-PRBLST-T24FP90","comp_flag_ANN-TMIN-PRBLST-T24FP90","years_ANN-TMIN-PRBLST-T24FP90","ANN-TMIN-PRBLST-T28FP10","meas_flag_ANN-TMIN-PRBLST-T28FP10","comp_flag_ANN-TMIN-PRBLST-T28FP10","years_ANN-TMIN-PRBLST-T28FP10","ANN-TMIN-PRBLST-T28FP20","meas_flag_ANN-TMIN-PRBLST-T28FP20","comp_flag_ANN-TMIN-PRBLST-T28FP20","years_ANN-TMIN-PRBLST-T28FP20","ANN-TMIN-PRBLST-T28FP30","meas_flag_ANN-TMIN-PRBLST-T28FP30","comp_flag_ANN-TMIN-PRBLST-T28FP30","years_ANN-TMIN-PRBLST-T28FP30","ANN-TMIN-PRBLST-T28FP40","meas_flag_ANN-TMIN-PRBLST-T28FP40","comp_flag_ANN-TMIN-PRBLST-T28FP40","years_ANN-TMIN-PRBLST-T28FP40","ANN-TMIN-PRBLST-T28FP50","meas_flag_ANN-TMIN-PRBLST-T28FP50","comp_flag_ANN-TMIN-PRBLST-T28FP50","years_ANN-TMIN-PRBLST-T28FP50","ANN-TMIN-PRBLST-T28FP60","meas_flag_ANN-TMIN-PRBLST-T28FP60","comp_flag_ANN-TMIN-PRBLST-T28FP60","years_ANN-TMIN-PRBLST-T28FP60","ANN-TMIN-PRBLST-T28FP70","meas_flag_ANN-TMIN-PRBLST-T28FP70","comp_flag_ANN-TMIN-PRBLST-T28FP70","years_ANN-TMIN-PRBLST-T28FP70","ANN-TMIN-PRBLST-T28FP80","meas_flag_ANN-TMIN-PRBLST-T28FP80","comp_flag_ANN-TMIN-PRBLST-T28FP80","years_ANN-TMIN-PRBLST-T28FP80","ANN-TMIN-PRBLST-T28FP90","meas_flag_ANN-TMIN-PRBLST-T28FP90","comp_flag_ANN-TMIN-PRBLST-T28FP90","years_ANN-TMIN-PRBLST-T28FP90","ANN-TMIN-PRBLST-T32FP10","meas_flag_ANN-TMIN-PRBLST-T32FP10","comp_flag_ANN-TMIN-PRBLST-T32FP10","years_ANN-TMIN-PRBLST-T32FP10","ANN-TMIN-PRBLST-T32FP20","meas_flag_ANN-TMIN-PRBLST-T32FP20","comp_flag_ANN-TMIN-PRBLST-T32FP20","years_ANN-TMIN-PRBLST-T32FP20","ANN-TMIN-PRBLST-T32FP30","meas_flag_ANN-TMIN-PRBLST-T32FP30","comp_flag_ANN-TMIN-PRBLST-T32FP30","years_ANN-TMIN-PRBLST-T32FP30","ANN-TMIN-PRBLST-T32FP40","meas_flag_ANN-TMIN-PRBLST-T32FP40","comp_flag_ANN-TMIN-PRBLST-T32FP40","years_ANN-TMIN-PRBLST-T32FP40","ANN-TMIN-PRBLST-T32FP50","meas_flag_ANN-TMIN-PRBLST-T32FP50","comp_flag_ANN-TMIN-PRBLST-T32FP50","years_ANN-TMIN-PRBLST-T32FP50","ANN-TMIN-PRBLST-T32FP60","meas_flag_ANN-TMIN-PRBLST-T32FP60","comp_flag_ANN-TMIN-PRBLST-T32FP60","years_ANN-TMIN-PRBLST-T32FP60","ANN-TMIN-PRBLST-T32FP70","meas_flag_ANN-TMIN-PRBLST-T32FP70","comp_flag_ANN-TMIN-PRBLST-T32FP70","years_ANN-TMIN-PRBLST-T32FP70","ANN-TMIN-PRBLST-T32FP80","meas_flag_ANN-TMIN-PRBLST-T32FP80","comp_flag_ANN-TMIN-PRBLST-T32FP80","years_ANN-TMIN-PRBLST-T32FP80","ANN-TMIN-PRBLST-T32FP90","meas_flag_ANN-TMIN-PRBLST-T32FP90","comp_flag_ANN-TMIN-PRBLST-T32FP90","years_ANN-TMIN-PRBLST-T32FP90","ANN-TMIN-PRBLST-T36FP10","meas_flag_ANN-TMIN-PRBLST-T36FP10","comp_flag_ANN-TMIN-PRBLST-T36FP10","years_ANN-TMIN-PRBLST-T36FP10","ANN-TMIN-PRBLST-T36FP20","meas_flag_ANN-TMIN-PRBLST-T36FP20","comp_flag_ANN-TMIN-PRBLST-T36FP20","years_ANN-TMIN-PRBLST-T36FP20","ANN-TMIN-PRBLST-T36FP30","meas_flag_ANN-TMIN-PRBLST-T36FP30","comp_flag_ANN-TMIN-PRBLST-T36FP30","years_ANN-TMIN-PRBLST-T36FP30","ANN-TMIN-PRBLST-T36FP40","meas_flag_ANN-TMIN-PRBLST-T36FP40","comp_flag_ANN-TMIN-PRBLST-T36FP40","years_ANN-TMIN-PRBLST-T36FP40","ANN-TMIN-PRBLST-T36FP50","meas_flag_ANN-TMIN-PRBLST-T36FP50","comp_flag_ANN-TMIN-PRBLST-T36FP50","years_ANN-TMIN-PRBLST-T36FP50","ANN-TMIN-PRBLST-T36FP60","meas_flag_ANN-TMIN-PRBLST-T36FP60","comp_flag_ANN-TMIN-PRBLST-T36FP60","years_ANN-TMIN-PRBLST-T36FP60","ANN-TMIN-PRBLST-T36FP70","meas_flag_ANN-TMIN-PRBLST-T36FP70","comp_flag_ANN-TMIN-PRBLST-T36FP70","years_ANN-TMIN-PRBLST-T36FP70","ANN-TMIN-PRBLST-T36FP80","meas_flag_ANN-TMIN-PRBLST-T36FP80","comp_flag_ANN-TMIN-PRBLST-T36FP80","years_ANN-TMIN-PRBLST-T36FP80","ANN-TMIN-PRBLST-T36FP90","meas_flag_ANN-TMIN-PRBLST-T36FP90","comp_flag_ANN-TMIN-PRBLST-T36FP90","years_ANN-TMIN-PRBLST-T36FP90","ANN-TMIN-PRBGSL-T16FP10","meas_flag_ANN-TMIN-PRBGSL-T16FP10","comp_flag_ANN-TMIN-PRBGSL-T16FP10","years_ANN-TMIN-PRBGSL-T16FP10","ANN-TMIN-PRBGSL-T16FP20","meas_flag_ANN-TMIN-PRBGSL-T16FP20","comp_flag_ANN-TMIN-PRBGSL-T16FP20","years_ANN-TMIN-PRBGSL-T16FP20","ANN-TMIN-PRBGSL-T16FP30","meas_flag_ANN-TMIN-PRBGSL-T16FP30","comp_flag_ANN-TMIN-PRBGSL-T16FP30","years_ANN-TMIN-PRBGSL-T16FP30","ANN-TMIN-PRBGSL-T16FP40","meas_flag_ANN-TMIN-PRBGSL-T16FP40","comp_flag_ANN-TMIN-PRBGSL-T16FP40","years_ANN-TMIN-PRBGSL-T16FP40","ANN-TMIN-PRBGSL-T16FP50","meas_flag_ANN-TMIN-PRBGSL-T16FP50","comp_flag_ANN-TMIN-PRBGSL-T16FP50","years_ANN-TMIN-PRBGSL-T16FP50","ANN-TMIN-PRBGSL-T16FP60","meas_flag_ANN-TMIN-PRBGSL-T16FP60","comp_flag_ANN-TMIN-PRBGSL-T16FP60","years_ANN-TMIN-PRBGSL-T16FP60","ANN-TMIN-PRBGSL-T16FP70","meas_flag_ANN-TMIN-PRBGSL-T16FP70","comp_flag_ANN-TMIN-PRBGSL-T16FP70","years_ANN-TMIN-PRBGSL-T16FP70","ANN-TMIN-PRBGSL-T16FP80","meas_flag_ANN-TMIN-PRBGSL-T16FP80","comp_flag_ANN-TMIN-PRBGSL-T16FP80","years_ANN-TMIN-PRBGSL-T16FP80","ANN-TMIN-PRBGSL-T16FP90","meas_flag_ANN-TMIN-PRBGSL-T16FP90","comp_flag_ANN-TMIN-PRBGSL-T16FP90","years_ANN-TMIN-PRBGSL-T16FP90","ANN-TMIN-PRBGSL-T20FP10","meas_flag_ANN-TMIN-PRBGSL-T20FP10","comp_flag_ANN-TMIN-PRBGSL-T20FP10","years_ANN-TMIN-PRBGSL-T20FP10","ANN-TMIN-PRBGSL-T20FP20","meas_flag_ANN-TMIN-PRBGSL-T20FP20","comp_flag_ANN-TMIN-PRBGSL-T20FP20","years_ANN-TMIN-PRBGSL-T20FP20","ANN-TMIN-PRBGSL-T20FP30","meas_flag_ANN-TMIN-PRBGSL-T20FP30","comp_flag_ANN-TMIN-PRBGSL-T20FP30","years_ANN-TMIN-PRBGSL-T20FP30","ANN-TMIN-PRBGSL-T20FP40","meas_flag_ANN-TMIN-PRBGSL-T20FP40","comp_flag_ANN-TMIN-PRBGSL-T20FP40","years_ANN-TMIN-PRBGSL-T20FP40","ANN-TMIN-PRBGSL-T20FP50","meas_flag_ANN-TMIN-PRBGSL-T20FP50","comp_flag_ANN-TMIN-PRBGSL-T20FP50","years_ANN-TMIN-PRBGSL-T20FP50","ANN-TMIN-PRBGSL-T20FP60","meas_flag_ANN-TMIN-PRBGSL-T20FP60","comp_flag_ANN-TMIN-PRBGSL-T20FP60","years_ANN-TMIN-PRBGSL-T20FP60","ANN-TMIN-PRBGSL-T20FP70","meas_flag_ANN-TMIN-PRBGSL-T20FP70","comp_flag_ANN-TMIN-PRBGSL-T20FP70","years_ANN-TMIN-PRBGSL-T20FP70","ANN-TMIN-PRBGSL-T20FP80","meas_flag_ANN-TMIN-PRBGSL-T20FP80","comp_flag_ANN-TMIN-PRBGSL-T20FP80","years_ANN-TMIN-PRBGSL-T20FP80","ANN-TMIN-PRBGSL-T20FP90","meas_flag_ANN-TMIN-PRBGSL-T20FP90","comp_flag_ANN-TMIN-PRBGSL-T20FP90","years_ANN-TMIN-PRBGSL-T20FP90","ANN-TMIN-PRBGSL-T24FP10","meas_flag_ANN-TMIN-PRBGSL-T24FP10","comp_flag_ANN-TMIN-PRBGSL-T24FP10","years_ANN-TMIN-PRBGSL-T24FP10","ANN-TMIN-PRBGSL-T24FP20","meas_flag_ANN-TMIN-PRBGSL-T24FP20","comp_flag_ANN-TMIN-PRBGSL-T24FP20","years_ANN-TMIN-PRBGSL-T24FP20","ANN-TMIN-PRBGSL-T24FP30","meas_flag_ANN-TMIN-PRBGSL-T24FP30","comp_flag_ANN-TMIN-PRBGSL-T24FP30","years_ANN-TMIN-PRBGSL-T24FP30","ANN-TMIN-PRBGSL-T24FP40","meas_flag_ANN-TMIN-PRBGSL-T24FP40","comp_flag_ANN-TMIN-PRBGSL-T24FP40","years_ANN-TMIN-PRBGSL-T24FP40","ANN-TMIN-PRBGSL-T24FP50","meas_flag_ANN-TMIN-PRBGSL-T24FP50","comp_flag_ANN-TMIN-PRBGSL-T24FP50","years_ANN-TMIN-PRBGSL-T24FP50","ANN-TMIN-PRBGSL-T24FP60","meas_flag_ANN-TMIN-PRBGSL-T24FP60","comp_flag_ANN-TMIN-PRBGSL-T24FP60","years_ANN-TMIN-PRBGSL-T24FP60","ANN-TMIN-PRBGSL-T24FP70","meas_flag_ANN-TMIN-PRBGSL-T24FP70","comp_flag_ANN-TMIN-PRBGSL-T24FP70","years_ANN-TMIN-PRBGSL-T24FP70","ANN-TMIN-PRBGSL-T24FP80","meas_flag_ANN-TMIN-PRBGSL-T24FP80","comp_flag_ANN-TMIN-PRBGSL-T24FP80","years_ANN-TMIN-PRBGSL-T24FP80","ANN-TMIN-PRBGSL-T24FP90","meas_flag_ANN-TMIN-PRBGSL-T24FP90","comp_flag_ANN-TMIN-PRBGSL-T24FP90","years_ANN-TMIN-PRBGSL-T24FP90","ANN-TMIN-PRBGSL-T28FP10","meas_flag_ANN-TMIN-PRBGSL-T28FP10","comp_flag_ANN-TMIN-PRBGSL-T28FP10","years_ANN-TMIN-PRBGSL-T28FP10","ANN-TMIN-PRBGSL-T28FP20","meas_flag_ANN-TMIN-PRBGSL-T28FP20","comp_flag_ANN-TMIN-PRBGSL-T28FP20","years_ANN-TMIN-PRBGSL-T28FP20","ANN-TMIN-PRBGSL-T28FP30","meas_flag_ANN-TMIN-PRBGSL-T28FP30","comp_flag_ANN-TMIN-PRBGSL-T28FP30","years_ANN-TMIN-PRBGSL-T28FP30","ANN-TMIN-PRBGSL-T28FP40","meas_flag_ANN-TMIN-PRBGSL-T28FP40","comp_flag_ANN-TMIN-PRBGSL-T28FP40","years_ANN-TMIN-PRBGSL-T28FP40","ANN-TMIN-PRBGSL-T28FP50","meas_flag_ANN-TMIN-PRBGSL-T28FP50","comp_flag_ANN-TMIN-PRBGSL-T28FP50","years_ANN-TMIN-PRBGSL-T28FP50","ANN-TMIN-PRBGSL-T28FP60","meas_flag_ANN-TMIN-PRBGSL-T28FP60","comp_flag_ANN-TMIN-PRBGSL-T28FP60","years_ANN-TMIN-PRBGSL-T28FP60","ANN-TMIN-PRBGSL-T28FP70","meas_flag_ANN-TMIN-PRBGSL-T28FP70","comp_flag_ANN-TMIN-PRBGSL-T28FP70","years_ANN-TMIN-PRBGSL-T28FP70","ANN-TMIN-PRBGSL-T28FP80","meas_flag_ANN-TMIN-PRBGSL-T28FP80","comp_flag_ANN-TMIN-PRBGSL-T28FP80","years_ANN-TMIN-PRBGSL-T28FP80","ANN-TMIN-PRBGSL-T28FP90","meas_flag_ANN-TMIN-PRBGSL-T28FP90","comp_flag_ANN-TMIN-PRBGSL-T28FP90","years_ANN-TMIN-PRBGSL-T28FP90","ANN-TMIN-PRBGSL-T32FP10","meas_flag_ANN-TMIN-PRBGSL-T32FP10","comp_flag_ANN-TMIN-PRBGSL-T32FP10","years_ANN-TMIN-PRBGSL-T32FP10","ANN-TMIN-PRBGSL-T32FP20","meas_flag_ANN-TMIN-PRBGSL-T32FP20","comp_flag_ANN-TMIN-PRBGSL-T32FP20","years_ANN-TMIN-PRBGSL-T32FP20","ANN-TMIN-PRBGSL-T32FP30","meas_flag_ANN-TMIN-PRBGSL-T32FP30","comp_flag_ANN-TMIN-PRBGSL-T32FP30","years_ANN-TMIN-PRBGSL-T32FP30","ANN-TMIN-PRBGSL-T32FP40","meas_flag_ANN-TMIN-PRBGSL-T32FP40","comp_flag_ANN-TMIN-PRBGSL-T32FP40","years_ANN-TMIN-PRBGSL-T32FP40","ANN-TMIN-PRBGSL-T32FP50","meas_flag_ANN-TMIN-PRBGSL-T32FP50","comp_flag_ANN-TMIN-PRBGSL-T32FP50","years_ANN-TMIN-PRBGSL-T32FP50","ANN-TMIN-PRBGSL-T32FP60","meas_flag_ANN-TMIN-PRBGSL-T32FP60","comp_flag_ANN-TMIN-PRBGSL-T32FP60","years_ANN-TMIN-PRBGSL-T32FP60","ANN-TMIN-PRBGSL-T32FP70","meas_flag_ANN-TMIN-PRBGSL-T32FP70","comp_flag_ANN-TMIN-PRBGSL-T32FP70","years_ANN-TMIN-PRBGSL-T32FP70","ANN-TMIN-PRBGSL-T32FP80","meas_flag_ANN-TMIN-PRBGSL-T32FP80","comp_flag_ANN-TMIN-PRBGSL-T32FP80","years_ANN-TMIN-PRBGSL-T32FP80","ANN-TMIN-PRBGSL-T32FP90","meas_flag_ANN-TMIN-PRBGSL-T32FP90","comp_flag_ANN-TMIN-PRBGSL-T32FP90","years_ANN-TMIN-PRBGSL-T32FP90","ANN-TMIN-PRBGSL-T36FP10","meas_flag_ANN-TMIN-PRBGSL-T36FP10","comp_flag_ANN-TMIN-PRBGSL-T36FP10","years_ANN-TMIN-PRBGSL-T36FP10","ANN-TMIN-PRBGSL-T36FP20","meas_flag_ANN-TMIN-PRBGSL-T36FP20","comp_flag_ANN-TMIN-PRBGSL-T36FP20","years_ANN-TMIN-PRBGSL-T36FP20","ANN-TMIN-PRBGSL-T36FP30","meas_flag_ANN-TMIN-PRBGSL-T36FP30","comp_flag_ANN-TMIN-PRBGSL-T36FP30","years_ANN-TMIN-PRBGSL-T36FP30","ANN-TMIN-PRBGSL-T36FP40","meas_flag_ANN-TMIN-PRBGSL-T36FP40","comp_flag_ANN-TMIN-PRBGSL-T36FP40","years_ANN-TMIN-PRBGSL-T36FP40","ANN-TMIN-PRBGSL-T36FP50","meas_flag_ANN-TMIN-PRBGSL-T36FP50","comp_flag_ANN-TMIN-PRBGSL-T36FP50","years_ANN-TMIN-PRBGSL-T36FP50","ANN-TMIN-PRBGSL-T36FP60","meas_flag_ANN-TMIN-PRBGSL-T36FP60","comp_flag_ANN-TMIN-PRBGSL-T36FP60","years_ANN-TMIN-PRBGSL-T36FP60","ANN-TMIN-PRBGSL-T36FP70","meas_flag_ANN-TMIN-PRBGSL-T36FP70","comp_flag_ANN-TMIN-PRBGSL-T36FP70","years_ANN-TMIN-PRBGSL-T36FP70","ANN-TMIN-PRBGSL-T36FP80","meas_flag_ANN-TMIN-PRBGSL-T36FP80","comp_flag_ANN-TMIN-PRBGSL-T36FP80","years_ANN-TMIN-PRBGSL-T36FP80","ANN-TMIN-PRBGSL-T36FP90","meas_flag_ANN-TMIN-PRBGSL-T36FP90","comp_flag_ANN-TMIN-PRBGSL-T36FP90","years_ANN-TMIN-PRBGSL-T36FP90"
"USC00486595"," 42.3628","-107.4444","1904.4","MUDDY GAP, WY US","99","99","99","    45.4"," ","R","11","    32.4"," ","R","12","    58.3"," ","R","11","    25.9"," ","R","11","     9.8"," ","R","12","    33.8"," ","R","12","    83.5"," ","R","12","   175.6"," ","R","12","   235.0"," ","R","12","   303.1"," ","R","12","   352.1"," ","R","12","   364.9"," ","R","12","   321.2"," ","R","11","   279.0"," ","R","11","   224.2"," ","R","11","   179.1"," ","R","11","   131.9"," ","R","11","    80.1"," ","R","11","    21.5"," ","R","11","     0.1"," ","R","11","    50.0"," ","R","11","  7535.2"," ","R","11","  2018.0"," ","R","11","  2829.3"," ","R","11","  3785.5"," ","R","11","  4889.6"," ","R","11","  5371.8"," ","R","11","  6136.3"," ","R","11","   410.1"," ","R","11","  4017.9"," ","R","11","  3004.2"," ","R","11","  2135.5"," ","R","11","  1414.5"," ","R","11","  1166.7"," ","R","11","   836.2"," ","R","11","   146.6"," ","R","11","    87.4"," ","R","11","   410.1"," ","R","11","  4017.9"," ","R","11","  3004.2"," ","R","11","  2135.5"," ","R","11","  1414.5"," ","R","11","  1166.7"," ","R","11","   836.2"," ","R","11","   146.6"," ","R","11","    87.4"," ","R","11","  7535.2"," ","R","11","  6136.3"," ","R","11","    43.9"," ","R","12","    30.6"," ","R","13","    57.3"," ","R","12","    26.7"," ","R","12","     1.2"," ","R","13","     4.3"," ","R","13","    14.9"," ","R","13","    50.1"," ","R","13","    75.2"," ","R","13","    89.7"," ","R","13","    92.0"," ","R","13","    92.0"," ","R","13","    88.5"," ","R","12","    82.9"," ","R","12","    65.4"," ","R","12","    42.1"," ","R","12","    17.8"," ","R","12","     2.8"," ","R","12","     0.1"," ","R","12","     0.0"," ","R","12","     4.1"," ","R","12","  1943.1"," ","R","12","   271.6"," ","R","12","   472.8"," ","R","12","   751.1"," ","R","12","  1100.5"," ","R","12","  1256.0"," ","R","12","  1503.4"," ","R","12","     5.6"," ","R","12","   634.0"," ","R","12","   375.3"," ","R","12","   193.6"," ","R","12","    82.9"," ","R","12","    54.4"," ","R","12","    25.9"," ","R","12","     0.4"," ","R","12","     0.0","X","R","12","     5.6"," ","R","12","   634.0"," ","R","12","   375.3"," ","R","12","   193.6"," ","R","12","    82.9"," ","R","12","    54.4"," ","R","12","    25.9"," ","R","12","     0.4"," ","R","12","     0.0","X","R","12","  1943.1"," ","R","12","  1503.4"," ","R","12","    67.0"," ","R","12","    50.8"," ","R","12","    83.3"," ","R","12","    32.4"," ","R","12","     0.0"," ","R","12","     0.0"," ","R","12","     0.0"," ","R","12","     0.6"," ","R","12","     8.3"," ","R","12","    41.1"," ","R","12","    79.7"," ","R","12","    91.9"," ","R","12","    92.0"," ","R","12","    92.0"," ","R","12","    91.9"," ","R","12","    91.0"," ","R","12","    86.2"," ","R","12","    68.3"," ","R","12","    21.2"," ","R","12","     0.1"," ","R","12","     0.0"," ","R","12","   188.2"," ","R","12","     0.0","X","R","12","     1.3"," ","R","12","     5.6"," ","R","12","    24.3"," ","R","12","    39.4"," ","R","12","    73.4"," ","R","12","   379.8"," ","R","12","  2491.5"," ","R","12","  2032.8"," ","R","12","  1577.4"," ","R","12","  1135.9"," ","R","12","   967.0"," ","R","12","   725.1"," ","R","12","   143.2"," ","R","12","    86.5"," ","R","12","   379.8"," ","R","12","  2491.5"," ","R","12","  2032.8"," ","R","12","  1577.4"," ","R","12","  1135.9"," ","R","12","   967.0"," ","R","12","   725.1"," ","R","12","   143.2"," ","R","12","    86.5"," ","R","12","   188.2"," ","R","12","    73.4"," ","R","12","    46.2"," ","R","12","    33.4"," ","R","14","    59.1"," ","R","12","    25.7"," ","R","12","     1.0"," ","R","14","     5.1"," ","R","14","    13.6"," ","R","14","    39.2"," ","R","14","    61.7"," ","R","14","    82.3"," ","R","14","    90.4"," ","R","14","    91.0"," ","R","14","    83.6"," ","R","12","    76.5"," ","R","12","    63.9"," ","R","12","    46.0"," ","R","12","    27.9"," ","R","12","     9.1"," ","R","12","     0.2"," ","R","12","     0.0"," ","R","12","     8.0"," ","R","12","  1733.8"," ","R","12","   317.1"," ","R","12","   483.9"," ","R","12","   708.6"," ","R","12","   995.1"," ","R","12","  1126.6"," ","R","12","  1339.3"," ","R","12","    24.7"," ","R","12","   882.9"," ","R","12","   594.8"," ","R","12","   364.4"," ","R","12","   195.8"," ","R","12","   145.4"," ","R","12","    85.2"," ","R","12","     3.1"," ","R","12","     1.0"," ","R","12","    24.7"," ","R","12","   882.9"," ","R","12","   594.8"," ","R","12","   364.4"," ","R","12","   195.8"," ","R","12","   145.4"," ","R","12","    85.2"," ","R","12","     3.1"," ","R","12","     1.0"," ","R","12","  1733.8"," ","R","12","  1339.3"," ","R","12","    24.3"," ","R","11","    14.9"," ","R","12","    33.6"," ","R","11","    18.7"," ","R","11","     7.7"," ","R","12","    24.4"," ","R","12","    55.0"," ","R","12","    85.7"," ","R","12","    89.8"," ","R","12","    90.0"," ","R","12","    90.0"," ","R","12","    90.0"," ","R","12","    57.1"," ","R","11","    27.6"," ","R","11","     3.0"," ","R","11","     0.0"," ","R","11","     0.0"," ","R","11","     0.0"," ","R","11","     0.0"," ","R","11","     0.0"," ","R","11","    37.9"," ","R","11","  3670.0"," ","R","11","  1429.3"," ","R","11","  1871.3"," ","R","11","  2320.2"," ","R","11","  2769.8"," ","R","11","  2949.8"," ","R","11","  3220.2"," ","R","11","     0.0"," ","R","11","     9.5"," ","R","11","     1.3"," ","R","11","     0.0","X","R","11","     0.0"," ","R","11","     0.0"," ","R","11","     0.0"," ","R","11","     0.0"," ","R","11","     0.0"," ","R","11","     0.0"," ","R","11","     9.5"," ","R","11","     1.3"," ","R","11","     0.0","X","R","11","     0.0"," ","R","11","     0.0"," ","R","11","     0.0"," ","R","11","     0.0"," ","R","11","     0.0"," ","R","11","  3670.0"," ","R","11","  3220.2"," ","R","11","   100.0"," ","R","13","   100.0"," ","R","13","   100.0"," ","R","13","   100.0"," ","R","13","   100.0"," ","R","13","   100.0"," ","R","13","   10/14"," ","R","13","   10/19"," ","R","13","   10/23"," ","R","13","   10/27"," ","R","13","   10/30"," ","R","13","   11/03"," ","R","13","   11/06"," ","R","13","   11/10"," ","R","13","   11/17"," ","R","13","   10/07"," ","R","13","   10/12"," ","R","13","   10/16"," ","R","13","   10/19"," ","R","13","   10/23"," ","R","13","   10/26"," ","R","13","   10/29"," ","R","13","   11/02"," ","R","13","   11/08"," ","R","13","   09/29"," ","R","13","   10/03"," ","R","13","   10/06"," ","R","13","   10/10"," ","R","13","   10/14"," ","R","13","   10/17"," ","R","13","   10/20"," ","R","13","   10/24"," ","R","13","   10/29"," ","R","13","   09/22"," ","R","13","   09/27"," ","R","13","   09/30"," ","R","13","   10/02"," ","R","13","   10/05"," ","R","13","   10/08"," ","R","13","   10/12"," ","R","13","   10/16"," ","R","13","   10/20"," ","R","13","   09/12"," ","R","13","   09/17"," ","R","13","   09/21"," ","R","13","   09/25"," ","R","13","   09/27"," ","R","13","   09/29"," ","R","13","   10/01"," ","R","13","   10/05"," ","R","13","   10/09"," ","R","13","   08/29"," ","R","13","   09/05"," ","R","13","   09/10"," ","R","13","   09/13"," ","R","13","   09/16"," ","R","13","   09/19"," ","R","13","   09/22"," ","R","13","   09/25"," ","R","13","   09/29"," ","R","13","   04/21"," ","R","13","   04/15"," ","R","13","   04/11"," ","R","13","   04/07"," ","R","13","   04/03"," ","R","13","   03/31"," ","R","13","   03/26"," ","R","13","   03/21"," ","R","13","   03/14"," ","R","13","   05/01"," ","R","13","   04/26"," ","R","13","   04/21"," ","R","13","   04/18"," ","R","13","   04/16"," ","R","13","   04/12"," ","R","13","   04/08"," ","R","13","   04/04"," ","R","13","   03/29"," ","R","13","   05/12"," ","R","13","   05/07"," ","R","13","   05/03"," ","R","13","   04/30"," ","R","13","   04/27"," ","R","13","   04/24"," ","R","13","   04/20"," ","R","13","   04/17"," ","R","13","   04/11"," ","R","13","   05/28"," ","R","13","   05/19"," ","R","13","   05/13"," ","R","13","   05/09"," ","R","13","   05/06"," ","R","13","   05/03"," ","R","13","   05/01"," ","R","13","   04/29"," ","R","13","   04/23"," ","R","13","   06/10"," ","R","13","   06/04"," ","R","13","   05/31"," ","R","13","   05/26"," ","R","13","   05/21"," ","R","13","   05/17"," ","R","13","   05/14"," ","R","13","   05/10"," ","R","13","   05/06"," ","R","13","   06/25"," ","R","13","   06/20"," ","R","13","   06/16"," ","R","13","   06/12"," ","R","13","   06/09"," ","R","13","   06/05"," ","R","13","   06/02"," ","R","13","   05/29"," ","R","13","   05/23"," ","R","13","   234.0"," ","R","13","   225.0"," ","R","13","   219.0"," ","R","13","   214.0"," ","R","13","   208.0"," ","R","13","   203.0"," ","R","13","   198.0"," ","R","13","   192.0"," ","R","13","   184.0"," ","R","13","   212.0"," ","R","13","   205.0"," ","R","13","   199.0"," ","R","13","   193.0"," ","R","13","   188.0"," ","R","13","   185.0"," ","R","13","   180.0"," ","R","13","   175.0"," ","R","13","   167.0"," ","R","13","   190.0"," ","R","13","   183.0"," ","R","13","   177.0"," ","R","13","   173.0"," ","R","13","   169.0"," ","R","13","   165.0"," ","R","13","   161.0"," ","R","13","   156.0"," ","R","13","   148.0"," ","R","13","   169.0"," ","R","13","   164.0"," ","R","13","   159.0"," ","R","13","   154.0"," ","R","13","   150.0"," ","R","13","   146.0"," ","R","13","   141.0"," ","R","13","   135.0"," ","R","13","   127.0"," ","R","13","   147.0"," ","R","13","   141.0"," ","R","13","   136.0"," ","R","13","   131.0"," ","R","13","   126.0"," ","R","13","   122.0"," ","R","13","   117.0"," ","R","13","   111.0"," ","R","13","   102.0"," ","R","13","   122.0"," ","R","13","   113.0"," ","R","13","   107.0"," ","R","13","   102.0"," ","R","13","    97.0"," ","R","13","    92.0"," ","R","13","    87.0"," ","R","13","    80.0"," ","R","13","    71.0"," ","R","13"
